0.0 1.0
0.0002 0.9446258872355979
0.0004 0.8945987690711439
0.0006 0.8432098474308487
0.0008 0.7964486995071568
0.001 0.7491392930412432
0.0012 0.706251326431957
0.0014 0.6648076968425024
0.0016 0.6282453368547646
0.0018 0.5955561581814323
0.002 0.5673002098710118
0.0022 0.5437074067960478
0.0024 0.5284210153984013
0.0026 0.5230091730138892
0.0028 0.5240408423137689
0.003 0.5260452283821068
0.0032 0.528727568561794
0.0034 0.5308026976678378
0.0036 0.5332197514561275
0.0038 0.5351828707524701
0.004 0.537157780555097
0.0042 0.5381540783361237
0.0044 0.5394392435211168
0.0046 0.5392270144079987
0.0048 0.5394981960525385
0.005 0.5390855283325866
0.0052 0.5387494989034829
0.0054 0.5374879147310585
0.0056 0.5367274270757186
0.0058 0.5357900818261137
0.006 0.5360966349895064
0.0062 0.5359138821420992
0.0064 0.5356957577758389
0.0066 0.5340215058834626
0.0068 0.5329603603178721
0.007 0.5317341476643007
0.0072 0.5309618695026764
0.0074 0.5292994081165845
0.0076 0.5295116372297026
0.0078 0.5295293229891291
0.008 0.5301542198221991
0.0082 0.5310561935529512
0.0084 0.5324651590539298
0.0086 0.5334968283538095
0.0088 0.534835050817082
0.009 0.5357252340415497
0.0092 0.5374997052373429
0.0094 0.5378298394133044
0.0096 0.5386433843469238
0.0098 0.5382955644115358
0.01 0.538230716626972
0.0102 0.5372167330865187
0.0104 0.5369927134671163
0.0106 0.5362911783431981
0.0108 0.537540972009338
0.011 0.5384370504869479
0.0112 0.5404001697832905
0.0114 0.5416028014242932
0.0116 0.5436602447709105
0.0118 0.5445032659702408
0.012 0.5466314523545641
0.0122 0.5476513311481594
0.0124 0.5489011248142995
0.0126 0.549089772914849
0.0128 0.54822317070295
0.013 0.5462895276723182
0.0132 0.5447685523616385
0.0134 0.541980097625392
0.0136 0.5395748343433867
0.0138 0.5369691324545476
0.014 0.5350649656896267
0.0142 0.5339625533520409
0.0144 0.5345284976536893
0.0146 0.5352064517650388
0.0148 0.537505600490485
0.015 0.5393154432051313
0.0152 0.5424576131299078
0.0154 0.5445857995142311
0.0156 0.5465842903294268
0.0158 0.5473978352630462
0.016 0.5482113801966656
0.0162 0.5486712099417549
0.0164 0.5504987384158275
0.0166 0.5509939396797698
0.0168 0.5513240738557313
0.017 0.5497146697479189
0.0172 0.5484177140566416
0.0174 0.5461008795717688
0.0176 0.5447154950833589
0.0178 0.5431473577475416
0.018 0.5431119862286886
0.0182 0.5421451647133728
0.0184 0.542044945409956
0.0186 0.5405593416181291
0.0188 0.5387612894097673
0.019 0.5362793878369138
0.0192 0.5340450868960314
0.0194 0.531639823614026
0.0196 0.5296825995708255
0.0198 0.528656825524088
0.02 0.5288572641309218
0.0202 0.5293701511542905
0.0204 0.5310561935529512
0.0206 0.5326007498761997
0.0208 0.5357665008135449
0.021 0.5387259178909143
0.0212 0.5432122055321056
0.0214 0.5465783950762846
0.0216 0.5506402244912396
0.0218 0.5535053175183342
0.022 0.5561463909260264
0.0222 0.5569540406065037
0.0224 0.5575258801612941
0.0226 0.5564647345957036
0.0228 0.5553446364986913
0.023 0.5535053175183342
0.0232 0.5527802013818474
0.0234 0.5511649020208927
0.0236 0.5498738415827575
0.0238 0.5484059235503572
0.024 0.5475687976041691
0.0242 0.5462423656471809
0.0244 0.546177517862617
0.0246 0.5452342773598698
0.0248 0.5449572004621879
0.025 0.5434833871766453
0.0252 0.5421569552196571
0.0254 0.5399462352913434
0.0256 0.5384193647275214
0.0258 0.53656825524088
0.026 0.534864527082793
0.0262 0.5333848185441082
0.0264 0.5330782653807155
0.0266 0.5323826255099394
0.0268 0.5333376565189709
0.027 0.5348055745513712
0.0272 0.5382484023863985
0.0274 0.5412726672483317
0.0276 0.5457766406489495
0.0278 0.5496203456976443
0.028 0.5539769377697078
0.0282 0.5574079750984507
0.0284 0.5621890253967505
0.0286 0.5649833753861391
0.0288 0.5671705143018841
0.029 0.5674770674652769
0.0292 0.5671174570236046
0.0294 0.5642346782370835
0.0296 0.5613754804631311
0.0298 0.5584101681326196
0.03 0.556447048836277
0.0302 0.5539415662508548
0.0304 0.5527860966349895
0.0306 0.549508335887943
0.0308 0.5480227320961162
0.031 0.5458827552055086
0.0312 0.5448451906524866
0.0314 0.5425165656613296
0.0316 0.5414200485768859
0.0318 0.539651472634235
0.032 0.538613908081213
0.0322 0.5373405334025043
0.0324 0.536845332138562
0.0326 0.5349411653736411
0.0328 0.5338092767703445
0.033 0.5314393850071922
0.0332 0.5305374112764402
0.0334 0.5296590185582569
0.0336 0.5298771429245172
0.0338 0.5296531233051147
0.034 0.5298063998868111
0.0342 0.529729761595963
0.0344 0.5302603343787582
0.0346 0.5296825995708255
0.0348 0.5287098828023675
0.035 0.5274011366048058
0.0352 0.5274718796425119
0.0354 0.5274777748956541
0.0356 0.5283207960949843
0.0358 0.5286037682458085
0.036 0.5300657910250666
0.0362 0.532158605890537
0.0364 0.5349824321456363
0.0366 0.537605819793902
0.0368 0.541042752375787
0.037 0.5446978093239324
0.0372 0.5504162048718372
0.0374 0.5546548918810573
0.0376 0.5594005706605042
0.0378 0.5630615228617917
0.038 0.5672825241115853
0.0382 0.5702419411889547
0.0384 0.5738144645931096
0.0386 0.5752882778786521
0.0388 0.5767915674299054
0.039 0.576148984837409
0.0392 0.5758778031928691
0.0394 0.5738439408588205
0.0396 0.5730186054189167
0.0398 0.5714386775768151
0.04 0.5702949984672342
0.0402 0.5682670313863277
0.0404 0.5662213785459947
0.0406 0.5626901219138349
0.0408 0.5596599617987597
0.041 0.5560874383946046
0.0412 0.5536173273280355
0.0414 0.55023345202443
0.0416 0.547562902351027
0.0418 0.5444384181856768
0.042 0.5421510599665149
0.0422 0.5394451387742589
0.0424 0.5374053811870682
0.0426 0.5353715188530196
0.0428 0.5342750017685759
0.043 0.5328247694956021
0.0432 0.5322057679156743
0.0434 0.5312566321597849
0.0436 0.5323649397505129
0.0438 0.5330016270898672
0.044 0.5350708609427689
0.0442 0.5370457707453958
0.0444 0.5390973188388709
0.0446 0.5410899144009244
0.0448 0.5436956162897635
0.045 0.5458591741929398
0.0452 0.5485474096257693
0.0454 0.5503513570872733
0.0456 0.5527743061287052
0.0458 0.5536409083406042
0.046 0.5551324073855731
0.0462 0.5558103614969226
0.0464 0.5574610323767303
0.0466 0.5576025184521424
0.0468 0.5596186950267644
0.047 0.5601315820501332
0.0472 0.5607034216049237
0.0474 0.5590232744594053
0.0476 0.5577911665526918
0.0478 0.555645294408942
0.048 0.5536232225811777
0.0482 0.5507993963260782
0.0484 0.5480050463366897
0.0486 0.5444148371731082
0.0488 0.5417148112339943
0.049 0.5391739571297192
0.0492 0.5374938099842007
0.0494 0.5352005565118966
0.0496 0.5357841865729714
0.0498 0.536149692267786
0.05 0.5368924941636994
0.0502 0.5367863796071404
0.0504 0.5369868182139741
0.0506 0.53594335840781
0.0508 0.5351533944867592
0.051 0.5330134175961516
0.0512 0.5311623081095103
0.0514 0.5141427122880656
0.0516 0.4983611196264768
0.0518 0.496044285141604
0.052 0.494517414577782
0.0522 0.492436390218596
0.0524 0.4911512250336029
0.0526 0.48977763105147737
0.0528 0.48927063928125075
0.053 0.4888815525738675
0.0532 0.48967741174806045
0.0534 0.49159926427240785
0.0536 0.4946294243874832
0.0538 0.4983139576013394
0.054 0.502322729738015
0.0542 0.5063138161152639
0.0544 0.5112658287546867
0.0546 0.5156931638644563
0.0548 0.5208456151107128
0.055 0.5247423774376871
0.0552 0.5283325866012687
0.0554 0.5302426486193317
0.0556 0.532335463484802
0.0558 0.5327363406984696
0.056 0.5319286910179923
0.0562 0.5298653524182328
0.0564 0.5283266913481265
0.0566 0.525880161294126
0.0568 0.5242884429457401
0.057 0.521718112575754
0.0572 0.5208043483387177
0.0574 0.5051878227651095
0.0576 0.4907739288325041
0.0578 0.49126913009644635
0.058 0.4934916405310444
0.0582 0.4952602164736954
0.0584 0.49853797722074183
0.0586 0.5008607069587568
0.0588 0.5042504775155046
0.059 0.5056358620039144
0.0592 0.507563609781404
0.0594 0.5076520385785366
0.0596 0.5082710401584644
0.0598 0.5071922088334473
0.06 0.5069563987077605
0.0602 0.5049696983988492
0.0604 0.5036609522012875
0.0606 0.5017980522083618
0.0608 0.5007545924021978
0.061 0.49947532247034687
0.0612 0.4995106939891999
0.0614 0.49872073006814915
0.0616 0.49857334873959486
0.0618 0.4979838234253779
0.062 0.49735892659230785
0.0622 0.49530148324569057
0.0624 0.49369207913787816
0.0626 0.49081519560449927
0.0628 0.4885101516259108
0.063 0.4861874218878959
0.0632 0.48413587379442075
0.0634 0.46925625486358385
0.0636 0.4536986818213974
0.0638 0.451812200815903
0.064 0.45040323531492443
0.0642 0.4495307378498833
0.0644 0.44869361190369517
0.0646 0.4471490555804466
0.0648 0.44602895748343435
0.065 0.4445433536916075
0.0652 0.4438418185676893
0.0654 0.4442073242625038
0.0656 0.44545711792864384
0.0658 0.4468719786827646
0.066 0.44965453816586887
0.0662 0.452053906194732
0.0664 0.4559978305468437
0.0666 0.45965288749498906
0.0668 0.46260640931921615
0.067 0.4647758624755347
0.0672 0.46772938429976185
0.0674 0.46899686372532834
0.0676 0.470128752328625
0.0678 0.46914424505388264
0.068 0.46866672954936683
0.0682 0.4673108213266678
0.0684 0.46712806847926047
0.0686 0.46650906689933264
0.0688 0.46623199000165066
0.069 0.46578395076284573
0.0692 0.466208408989082
0.0694 0.45283207960949845
0.0696 0.44020444737897046
0.0698 0.44087650623717783
0.07 0.4420378711061853
0.0702 0.44212040465017566
0.0704 0.44255665338269623
0.0706 0.44193175654962624
0.0708 0.4415014030702478
0.071 0.43850071922088335
0.0712 0.4355943594217936
0.0714 0.4311729195651661
0.0716 0.42769472021128585
0.0718 0.42358572877119344
0.072 0.42030796802414694
0.0722 0.41707147404909567
0.0724 0.4149491829179145
0.0726 0.412850472799302
0.0728 0.41197797533426084
0.073 0.4111644304006414
0.0732 0.4111526398943571
0.0734 0.411877756030844
0.0736 0.4134989506449407
0.0738 0.4157096705732544
0.074 0.4184981253095008
0.0742 0.42099181738863867
0.0744 0.42358572877119344
0.0746 0.4255193718018252
0.0748 0.42760039616101114
0.075 0.42936897210366215
0.0752 0.4316563303228241
0.0754 0.4172660174027873
0.0756 0.4036597731506591
0.0758 0.4040842313768953
0.076 0.4044143655528568
0.0762 0.4046678614379701
0.0764 0.4045440611219846
0.0766 0.4038955832763459
0.0768 0.4032353149244228
0.077 0.4018735114485816
0.0772 0.4010953380338152
0.0774 0.3999280779116655
0.0776 0.39971584879854744
0.0778 0.3995213054448558
0.078 0.4008536326549862
0.0782 0.401437262716061
0.0784 0.4036597731506591
0.0786 0.4058645978258306
0.0788 0.4084938807272384
0.079 0.4119249180559813
0.0792 0.4163581484188931
0.0794 0.4201841677081614
0.0796 0.42399250123800314
0.0798 0.4267868512273917
0.08 0.429121371471691
0.0802 0.42872049425802344
0.0804 0.42779493951470277
0.0806 0.42405734902256703
0.0808 0.4202372249864409
0.081 0.41583936614238215
0.0812 0.4123375857759332
0.0814 0.39417431084490767
0.0816 0.37655339920296177
0.0818 0.37214374985261867
0.082 0.3688777796118565
0.0822 0.3664960973424199
0.0824 0.3650812365882991
0.0826 0.36444454924894476
0.0828 0.36579456221850165
0.083 0.3672035277194803
0.0832 0.3695498384700639
0.0834 0.37167212960124507
0.0836 0.37385926851699014
0.0838 0.37509137642370366
0.084 0.37636475110241235
0.0842 0.37644138939326055
0.0844 0.37661824698752566
0.0846 0.3753153960431061
0.0848 0.3739182210484118
0.085 0.3720081590303488
0.0852 0.37025137359398214
0.0854 0.3680406536656684
0.0856 0.3664017732921452
0.0858 0.36508713184144126
0.086 0.3645093970335086
0.0862 0.3642264248826845
0.0864 0.3641203103261254
0.0866 0.363931662225576
0.0868 0.3639080812130073
0.087 0.3642971679203905
0.0872 0.36494564576602917
0.0874 0.35195250784068666
0.0876 0.3391421227627514
0.0878 0.33935435187586954
0.088 0.33962553352040936
0.0882 0.3395842667484142
0.0884 0.3401089442780673
0.0886 0.3400735727592143
0.0888 0.34073973636427946
0.089 0.3407043648454265
0.0892 0.3406748885797156
0.0894 0.3400558869997878
0.0896 0.3395606857358455
0.0898 0.3385938642205296
0.09 0.3380691866908765
0.0902 0.3368134977715943
0.0904 0.3364479920767798
0.0906 0.336247553469946
0.0908 0.33660126865847617
0.091 0.3370139363784281
0.0912 0.33756219492064987
0.0914 0.33759167118636074
0.0916 0.33824014903199945
0.0918 0.33894757940905984
0.092 0.3401502110500625
0.0922 0.3417537199047327
0.0924 0.3438995920484826
0.0926 0.3458037588134035
0.0928 0.3476136015280496
0.093 0.3490284622821704
0.0932 0.3494765015209753
0.0934 0.3380456056783078
0.0936 0.3242625038319145
0.0938 0.32397363642794824
0.094 0.3237731978211144
0.0942 0.32349612092343244
0.0944 0.3229124908623576
0.0946 0.32189261206876224
0.0948 0.32137382979225126
0.095 0.3210495908694319
0.0952 0.3213679345391091
0.0954 0.32159195415851155
0.0956 0.3224880326361214
0.0958 0.3232544155446035
0.096 0.32438040889475794
0.0962 0.32504657249982316
0.0964 0.32577168863631006
0.0966 0.32571863135803053
0.0968 0.3253295446506473
0.097 0.3249876199684014
0.0972 0.3248991911712689
0.0974 0.32433914212276277
0.0976 0.32365529275827104
0.0978 0.3226884712429552
0.098 0.3218690310561936
0.0982 0.32085504751574034
0.0984 0.3201888839106751
0.0986 0.31956398707760514
0.0988 0.3195227203056099
0.099 0.3191749003702219
0.0992 0.3194637677741882
0.0994 0.3041184238451199
0.0996 0.28968684415308793
0.0998 0.2896337868748084
