10895
10551
10202
9842
9531
9220
8919
8638
8425
8242
8050
7938
7837
7790
7741
7725
7657
7686
7608
7606
7555
7546
7460
7466
7370
7366
7287
7237
7194
7116
7116
7075
7053
7025
7030
7037
7039
7038
7034
7029
7010
7000
6984
6969
6978
6997
7013
7042
7049
7067
7104
7098
7105
7103
7103
7099
7069
7049
7040
6958
6958
6912
6910
6884
6912
6892
6918
6949
7006
7053
7110
7167
7230
7297
7364
7428
7497
7552
7577
7605
7616
7610
7593
7581
7575
7566
7552
7525
7539
7536
7559
7585
7631
7666
7713
7756
7765
7786
7793
7798
7798
7768
7715
7641
7560
7478
7394
7285
7250
7186
7121
7076
6989
6975
6943
6943
6945
6943
6944
6953
6949
6958
6956
6976
7016
7081
7139
7278
7399
7521
7632
7783
7944
8065
8204
8318
8403
8458
8444
8405
8340
8266
8189
8110
8072
8035
8011
8011
8014
8044
8084
8161
8266
8359
8465
8538
8627
8640
8602
8534
8419
8331
8217
8161
8091
8032
7974
7955
7933
7933
7949
8016
8045
8092
8110
8143
8120
8080
8025
7969
7862
7755
7645
7536
7424
7342
7293
7269
7255
7248
7242
7263
7303
7335
7360
7377
7389
7383
7386
7404
7419
7414
7461
7443
7472
7507
7520
7587
7664
7757
7850
7912
7970
8025
8072
8105
8088
8100
8066
8057
8018
8007
8014
8014
8022
8038
8110
8156
8191
8224
8241
8215
8166
8103
7989
7846
7734
7571
7436
7331
7254
7204
7160
7132
7109
7091
7094
7105
7110
7121
7094
7096
7088
7082
7032
7037
7009
6992
6968
6990
6945
6968
6964
6913
6926
6922
6921
6904
6921
6970
6980
7040
7031
7108
7096
7143
7131
7165
7141
7142
7123
7115
7073
7066
7019
7017
6978
6986
6959
6973
6989
7041
7091
7158
7212
7293
7381
7510
7577
7713
7764
7858
7932
8004
8055
8110
8125
8121
8103
8083
7976
7890
7834
7702
7598
7492
7414
7328
7226
7149
7051
7000
6948
6915
6903
6909
6892
6900
6884
6900
6894
6901
6894
6893
6917
6881
6882
6912
6943
6989
7068
7153
7243
7367
7478
7602
7697
7770
7814
7884
7903
7915
7888
7864
7777
7718
7683
7596
7558
7508
7527
7565
7617
7682
7727
7798
7844
7921
7939
7890
7848
7799
7699
7630
7517
7416
7309
7211
7118
7031
6952
6899
6872
6886
6877
6910
6899
6958
7010
7074
7126
7182
7240
7297
7366
7433
7493
7525
7564
7539
7513
7469
7406
7345
7277
7217
7151
7105
7096
7076
7064
7071
7097
7133
7140
7148
7169
7151
7186
7154
7087
7097
6996
6969
6936
6874
6866
6790
6778
6745
6754
6715
6739
6825
6875
6942
7032
7055
7176
7247
7267
7398
7453
7564
7632
7688
7673
7682
7651
7627
7573
7516
7431
7356
7265
7169
7076
6982
6910
6875
6778
6712
6677
6676
6688
6691
6701
6703
6694
6698
6696
6702
6690
6714
6698
6717
6743
6725
6761
6749
6761
6762
6815
6805
6863
6919
7003
7012
7070
7138
7205
7257
7300
7349
7336
7385
7385
7395
7389
7435
7460
7509
7520
7579
7596
7627
7604
7679
7649
7762
7731
7710
7700
7543
7491
7414
7336
7261
7159
7102
6993
6941
6869
6844
6802
6868
6998
7153
7325
7510
7662
7837
7966
8083
8154
8287
8278
8250
8205
8173
8060
7956
7843
7766
7671
7600
7523
7480
7429
7405
7433
7485
7506
7588
7630
7711
7788
7793
7847
7888
7862
7873
7853
7829
7796
7744
7728
7783
7707
7695
7656
7617
7591
7560
7562
7538
7530
7463
7434
7394
7374
7219
7227
7178
7110
7045
6998
6936
6924
6885
6829
6819
6809
6805
6805
6808
6807
6807
6808
6804
6808
6808
6775
6808
6788
6805
6788
6792
6806
6812
6794
6809
6804
6824
6833
6851
6837
6919
6938
7023
7053
7160
7180
7291
7368
7421
7506
7573
7655
7635
7605
7563
7490
7442
7408
7401
7384
7391
7409
7436
7479
7518
7567
7664
7737
7831
7909
7980
8019
8051
8062
8074
8054
8018
7974
7930
7862
7778
7746
7687
7585
7531
7484
7411
7388
7372
7324
7285
7236
7167
7108
7062
7056
7041
7036
7054
7085
7134
7180
7239
7244
7278
7275
7311
7318
7339
7350
7361
7364
7383
7406
7437
7489
7508
7567
7595
7632
7681
7715
7735
7747
7761
7757
7764
7739
7714
7661
7605
7535
7458
7372
7292
7214
7128
7048
6989
6928
6886
6860
6836
6836
6836
6866
6859
6930
6913
6924
6934
6931
6956
6956
6976
6955
6938
6925
6932
6923
6959
6971
6993
7019
7053
7068
7073
7098
7107
7103
7089
7070
7076
7047
7033
7041
7084
7159
7264
7365
7505
7620
7768
7898
8033
8122
8240
8321
8327
8330
8265
8149
8011
7899
7771
7658
7568
7448
7369
7290
7246
7216
7217
7219
7253
7284
7312
7350
7357
7395
7423
7402
7375
7382
7345
7311
7278
7212
7175
7125
7079
7027
6988
6971
6962
6972
6997
7042
7102
7141
7199
7262
7338
7361
7415
7514
7528
7593
7653
7702
7744
7773
7784
7812
7818
7839
7848
7850
7860
7850
7855
7863
7872
7872
7889
7909
7942
7996
8020
8050
8084
8077
8065
8060
8045
8051
8033
8024
8019
8026
7955
7905
7844
7808
7747
7684
7619
7556
7495
7444
7406
7374
7336
7352
7382
7402
7439
7468
7512
7537
7540
7549
7551
7501
7512
7519
7526
7540
7550
7544
7565
7575
7589
7589
7593
7607
7634
7658
7695
7728
7766
7783
7809
7815
7852
7847
7862
7798
7754
7659
7559
7468
7443
7437
7436
7456
7492
7508
7595
7660
7666
7782
7813
7904
7884
7906
7872
7845
7783
7754
7714
7691
7672
7672
7649
7630
7599
7571
7547
7474
7396
7316
7241
7169
7093
7025
6990
6948
6940
6954
6983
7088
7195
7293
7422
7510
7668
7800
7922
8043
8179
8263
8357
8383
8385
8334
8274
8220
8174
8107
8077
8024
7899
7830
7782
7712
7660
7611
7590
7531
7490
7442
7425
7370
7353
7350
7358
7336
7323
7272
7239
7171
7144
7080
7051
6991
6959
6934
6907
6897
6893
6896
6900
6902
6913
6914
6908
6924
6955
6999
7047
7102
7167
7214
7278
7323
7361
7401
7422
7433
7441
7414
7357
7319
7248
7220
7154
7091
7046
7002
6976
6944
6946
6953
6957
6965
6974
6960
6951
6914
6955
6975
7025
7076
7156
7229
7322
7412
7471
7551
7638
7698
7751
7790
7753
7686
7672
7625
7636
7663
7696
7757
7826
7902
7972
8033
8062
8082
8092
8095
8072
8026
8008
8000
7947
7931
7931
7863
7912
7909
7940
7962
7933
7901
7786
7671
7576
7499
7451
7419
7397
7413
7428
7445
7482
7563
7598
7694
7749
7759
7796
7788
7768
7733
7680
7622
7544
7466
7378
7321
7243
7211
7222
7266
7312
7332
7432
7495
7590
7679
7727
7821
7877
7862
7831
7749
7641
7604
7565
7542
7542
7550
7622
7652
7721
7788
7865
7971
8086
8179
8238
8287
8260
8258
8164
8114
8008
7891
7775
7617
7499
7381
7264
7158
7052
6992
6937
6894
6892
6902
6903
6917
6933
6950
6968
6982
6990
6996
6999
7000
7004
6998
7000
6988
6974
6950
6906
6897
6888
6868
6814
6872
6871
6889
6896
6879
6888
6899
6885
6890
6895
6899
6925
6954
6992
7020
7061
7088
7116
7134
7183
7187
7195
7162
7166
7127
7099
7043
7032
6989
6955
6933
6939
6911
6903
6893
6902
6866
6871
6851
6848
6845
6835
6867
6925
6913
6985
7039
7085
7126
7190
7216
7228
7240
7245
7222
7194
7153
7101
7056
7024
7000
6963
6914
6897
6895
6891
6883
6892
6897
6913
6945
6985
6986
7021
7023
7076
7170
7252
7343
7439
7531
7619
7700
7778
7845
7913
7968
8026
8069
7979
7849
7764
7675
7526
7490
7406
7332
7290
7265
7256
7232
7233
7243
7314
7336
7380
7413
7442
7470
7486
7487
7462
7410
7346
7298
7241
7164
7108
7080
7014
7020
7068
7137
7229
7364
7511
7665
7813
7958
8062
8194
8251
8301
8340
8339
8309
8276
8203
8135
8012
7903
7805
7694
7627
7538
7477
7397
7347
7326
7307
7272
7289
7327
7346
7378
7418
7460
7501
7551
7548
7610
7647
7705
7705
7679
7571
7508
7464
7355
7279
7245
7142
7086
7016
6958
6937
6899
6939
6904
6979
7023
7112
7181
7215
7302
7406
7461
7542
7603
7681
7732
7763
7734
7719
7626
7572
7490
7411
7348
7272
7170
7098
7050
7025
7021
7042
7056
7077
7100
7136
7169
7205
7206
7215
7225
7199
7191
7165
7133
7106
7045
7010
6965
6932
6911
6888
6914
6930
6938
6974
6977
7054
7108
7170
7211
7272
7300
7357
7402
7459
7474
7529
7541
7562
7583
7589
7611
7603
7572
7525
7467
7411
7352
7283
7235
7184
7135
7055
6993
6974
7002
7048
7131
7216
7323
7433
7561
7673
7752
7843
7907
7964
7971
7940
7882
7792
7683
7574
7452
7310
7175
7092
7019
6987
6956
6937
6894
6899
6881
6904
6871
6894
6879
6893
6869
6872
6865
6889
6901
6917
6950
6958
6979
7002
7019
7025
7027
7011
7027
7037
6989
7004
6989
6969
6948
6932
6927
6937
6911
6893
6877
6878
6854
6857
6855
6875
6884
6874
6910
6948
6955
6965
6980
6996
7007
7005
6999
6991
6974
6967
6949
6900
6913
6876
6866
6905
6915
6983
6979
7054
7082
7119
7108
7156
7136
7187
7215
7214
7265
7314
7344
7368
7380
7439
7464
7530
7609
7622
7711
7726
7699
7678
7674
7671
7679
7683
7724
7729
7736
7729
7704
7700
7707
7668
7719
7687
7683
7680
7714
7663
7702
7691
7637
7613
7554
7484
7359
7270
7190
7128
7076
7023
6951
6962
7004
7015
7089
7137
7167
7186
7271
7364
7417
7481
7565
7609
7707
7798
7834
7837
7828
7790
7715
7632
7552
7482
7388
7324
7257
7218
7228
7269
7349
7451
7585
7754
7882
8037
8163
8328
8468
8602
8702
8798
8869
8926
8911
8835
8760
8676
8522
8370
8195
8047
7918
7760
7703
7611
7549
7499
7479
7472
7484
7503
7590
7647
7701
7761
7789
7784
7789
7802
7820
7831
7814
7805
7784
7758
7740
7717
7678
7659
7632
7609
7563
7584
7579
7575
7570
7585
7582
7612
7611
7622
7668
7638
7662
7676
7689
7716
7787
7850
7900
7951
8005
8012
7952
7896
7837
7773
7710
7655
7565
7459
7364
7267
7179
7077
7024
6982
6965
6966
7019
7038
7092
7154
7211
7291
7373
7447
7516
7572
7641
7699
7757
7806
7855
7897
7940
8002
7971
7899
7841
7817
7790
7800
7787
7805
7813
7874
7916
7966
8031
8131
8181
8185
8203
8200
8194
8199
8161
8148
8087
8012
7930
7830
7711
7578
7471
7360
7261
7164
7087
6986
6929
6888
6886
6869
6876
6849
6850
6860
6876
6901
6968
7003
7074
7132
7218
7259
7340
7405
7426
7426
7436
7361
7357
7251
7210
7130
7055
6961
6925
6879
6854
6870
6892
6884
6928
6933
6954
7000
7052
7080
7157
7238
7325
7414
7473
7560
7654
7726
7844
7933
8014
8083
8130
8142
8130
8101
8049
7990
7926
7841
7728
7641
7581
7515
7421
7336
7285
7227
7219
7162
7110
7074
7064
7074
7063
7088
7096
7131
7161
7181
7208
7240
7256
7255
7276
7258
7236
7181
7144
7087
7040
6965
6950
6953
6964
7014
7058
7112
7174
7238
7314
7374
7420
7485
7543
7560
7589
7584
7591
7599
7634
7678
7730
7741
7804
7851
7826
7798
7770
7714
7663
7632
7575
7566
7540
7530
7510
7510
7515
7534
7581
7607
7664
7706
7731
7715
7687
7659
7667
7673
7689
7699
7731
7749
7769
7766
7787
7792
7783
7790
7793
7777
7780
7743
7742
7698
7682
7672
7643
7600
7544
7490
7437
7406
7389
7365
7329
7298
7275
7208
7193
7116
7100
7072
7001
6953
6939
6881
6864
6841
6828
6811
6841
6790
6839
6798
6873
6874
6967
7041
7074
7150
7224
7284
7385
7416
7490
7544
7597
7638
7615
7582
7526
7453
7388
7304
7240
7174
7124
7080
7034
6990
6975
6974
7009
7066
7124
7188
7249
7342
7420
7509
7590
7677
7756
7810
7856
7870
7877
7863
7851
7850
7816
7793
7775
7729
7711
7699
7686
7703
7736
7799
7807
7792
7782
7770
7765
7746
7725
7701
7668
7628
7578
7536
7491
7437
7373
7320
7244
7183
7121
7068
7022
7015
6965
6979
6964
7009
6956
6955
6944
6941
6957
6970
6944
6960
6954
6990
7002
7070
7098
7157
7187
7239
7306
7351
7388
7422
7456
7472
7453
7470
7437
7435
7413
7362
7331
7284
7262
7235
7186
7150
7115
7123
7108
7093
7080
7085
7087
7080
7108
7112
7094
7093
7072
7097
7072
7114
7116
7136
7164
7222
7220
7235
7241
7246
7223
7194
7170
7137
7051
7057
7007
6997
6930
6941
6909
6890
6881
6888
6919
6949
6958
6969
7001
6992
7021
7004
7002
7022
7024
7019
6961
6956
6924
6889
6898
6916
6925
6932
6980
6977
6997
7014
7046
7091
7165
7164
7226
7230
7323
7383
7418
7499
7587
7648
7697
7715
7667
7605
7540
7468
7416
7336
7263
7182
7105
7033
6967
6925
6894
6872
6908
6941
6968
6976
7021
7072
7083
7122
7159
7158
7170
7162
7152
7147
7092
7104
7069
7080
7031
7004
7003
7030
7039
7084
7090
7141
7181
7235
7286
7318
7335
7353
7343
7317
7282
7244
7197
7145
7080
7030
6969
6930
6882
6850
6860
6878
6924
6970
7019
7081
7147
7209
7260
7274
7290
7294
7283
7260
7237
7185
7123
7084
7046
6982
6963
6914
6901
6896
6919
6889
6895
6932
6968
7018
7055
7131
7230
7341
7456
7583
7674
7816
7883
7986
8007
7986
7910
7877
7794
7719
7625
7530
7454
7353
7235
7184
7101
7058
7051
7062
7039
7049
7042
7034
7034
7041
7071
7110
7152
7208
7236
7280
7326
7370
7408
7415
7469
7499
7532
7513
7498
7482
7452
7432
7344
7336
7325
7257
7240
7165
7203
7174
7193
7206
7222
7250
7269
7304
7348
7392
7492
7513
7563
7558
7535
7515
7485
7457
7445
7408
7438
7398
7447
7450
7503
7511
7564
7663
7710
7737
7762
7774
7766
7741
7727
7640
7554
7463
7361
7277
7184
7148
7076
7033
7012
6973
6939
6941
6945
6949
6947
6948
6936
6918
6904
6894
6866
6870
6839
6847
6831
6850
6832
6824
6848
6777
6840
6840
6841
6840
6853
6854
6865
6871
6882
6868
6875
6902
6890
6901
6901
6902
6906
6889
6893
6898
6895
6894
6892
6897
6856
6900
6894
6921
6910
6929
6924
6948
6948
6994
7003
7004
7013
7026
7016
7011
7024
6991
7011
6986
6995
6972
6949
6958
6924
6905
6882
6885
6878
6892
6888
6900
6903
6924
6913
6919
6918
6925
6919
6918
6915
6907
6905
6919
6916
6918
6916
6910
6924
6895
6896
6872
6881
6875
6879
6878
6897
6867
6863
6877
6874
6887
6929
6979
7030
7076
7133
7168
7216
7257
7292
7315
7407
7483
7591
7642
7727
7795
7876
7926
7979
7949
7951
7936
7898
7864
7799
7743
7684
7603
7530
7442
7369
7328
7316
7308
7313
7340
7352
7366
7392
7422
7477
7523
7566
7597
7597
7645
7655
7686
7642
7672
7643
7669
7647
7666
7615
7623
7576
7590
7546
7575
7541
7591
7580
7664
7685
7668
7600
7544
7512
7480
7441
7407
7427
7450
7474
7518
7580
7641
7728
7809
7929
8022
8081
8177
8231
8235
8214
8157
8077
7997
7896
7822
7724
7608
7535
7438
7400
7359
7328
7332
7358
7399
7421
7436
7432
7475
7479
7470
7430
7364
7312
7258
7183
7115
7064
6987
6968
6901
6880
6866
6865
6867
6869
6876
6878
6882
6875
6879
6880
6893
6889
6901
6890
6897
6896
6905
6903
6891
6908
6909
6914
6914
6920
6953
6982
6986
7098
7238
7310
7418
7543
7623
7735
7854
7908
8020
8061
8127
8141
8218
8166
8074
7937
7888
7800
7729
7683
7621
7561
7520
7491
7483
7485
7490
7496
7534
7536
7538
7539
7540
7540
7539
7518
7485
7440
7392
7339
7302
7244
7235
7210
7207
7210
7203
7266
7336
7402
7489
7540
7622
7667
7714
7727
7726
7708
7685
7642
7629
7588
7565
7552
7545
7515
7528
7548
7587
7647
7670
7715
7772
7852
7920
7982
7990
7953
7909
7890
7829
7810
7767
7720
7738
7735
7734
7739
7752
7790
7809
7821
7865
7881
7910
7920
7914
7893
7857
7795
7731
7588
7514
7421
7337
7228
7138
7100
7045
7031
7062
7115
7192
7261
7365
7403
7497
7603
7646
7774
7705
7631
7589
7513
7475
7476
7483
7498
7519
7575
7635
7695
7770
7870
7965
8074
8185
8227
8252
8185
8128
8019
7922
7781
7689
7551
7405
7262
7149
7031
6949
6890
6898
6929
6989
7065
7139
7232
7327
7427
7490
7586
7634
7648
7618
7591
7552
7451
7397
7299
7247
7138
7100
7012
6951
6929
6908
6908
6913
6911
6921
6917
6923
6896
6918
6917
6882
6887
6900
6914
6944
6998
7068
7147
7228
7289
7382
7463
7562
7645
7703
7751
7800
7773
7789
7780
7774
7764
7745
7740
7728
7709
7745
7720
7738
7737
7723
7635
7547
7474
7400
7322
7249
7183
7112
7051
6989
6941
6899
6886
6884
6886
6885
6886
6886
6898
6915
6920
6929
6957
6990
7039
7085
7120
7154
7181
7238
7255
7289
7316
7291
7299
7265
7277
7197
7196
7146
7085
7031
6959
6908
6878
6826
6808
6818
6847
6934
6962
7033
7115
7176
7264
7327
7401
7492
7577
7661
7722
7736
7743
7771
7761
7768
7715
7718
7708
7660
7615
7531
7443
7382
7297
7235
7156
7101
7023
6942
6907
6852
6811
6825
6823
6849
6888
6951
6948
7029
7069
7082
7161
7228
7233
7294
7279
7284
7216
7233
7189
7151
7109
7066
7014
6978
6920
6877
6855
6848
6873
6912
6939
6983
7019
7065
7101
7128
7161
7198
7215
7231
7232
7217
7214
7162
7136
7093
7050
6997
6956
6903
6870
6823
6832
6787
6824
6832
6871
6929
6996
7056
7143
7218
7319
7400
7481
7571
7626
7668
7635
7579
7521
7464
7401
7318
7247
7183
7117
7046
6990
6934
6927
6889
6892
6919
6906
6899
6914
6886
6887
6892
6859
6881
6872
6844
6839
6827
6840
6875
6916
6960
7034
7082
7161
7226
7296
7378
7468
7564
7648
7717
7694
7643
7603
7571
7575
7529
7542
7528
7522
7589
7636
7671
7711
7770
7829
7853
7849
7847
7818
7758
7715
7638
7544
7446
7418
7340
7346
7347
7356
7366
7405
7421
7474
7530
7582
7672
7743
7794
7802
7811
7815
7804
7786
7775
7738
7710
7740
7695
7710
7728
7772
7823
7918
8005
8106
8204
8317
8399
8446
8473
8482
8436
8337
8229
8123
8058
7964
7881
7811
7781
7746
7748
7724
7728
7703
7693
7677
7680
7660
7651
7609
7574
7548
7555
7492
7448
7388
7325
7278
7157
7105
7003
6993
6932
6884
6847
6815
6820
6816
6809
6784
6836
6873
6925
6972
7036
7087
7140
7209
7246
7285
7320
7343
7342
7321
7285
7253
7210
7161
7099
7085
7004
6955
6904
6901
6880
6889
6903
6926
6950
6956
6973
7012
7010
7032
7036
7030
7027
7023
7011
6991
6968
6993
7032
7090
7149
7255
7352
7460
7560
7673
7789
7889
7965
8067
8135
8143
8078
7969
7882
7784
7701
7605
7511
7426
7400
7369
7385
7397
7421
7505
7545
7640
7693
7753
7794
7803
7792
7745
7676
7589
7486
7378
7268
7162
7092
7035
6943
6923
6849
6837
6797
6822
6827
6827
6845
6862
6912
6945
6997
7031
7082
7129
7167
7175
7195
7182
7197
7152
7147
7113
7065
7034
6989
6936
6929
6863
6837
6837
6859
6828
6829
6839
6827
6838
6840
6827
6824
6825
6821
6826
6829
6818
6821
6809
6814
6824
6844
6855
6861
6856
6853
6837
6830
6843
6888
6940
7003
7042
7119
7167
7255
7323
7399
7465
7555
7587
7619
7599
7597
7574
7583
7570
7571
7567
7579
7578
7598
7635
7683
7743
7707
7630
7545
7468
7409
7309
7245
7170
7093
6988
6943
6853
6764
6757
6736
6758
6756
6727
6752
6743
6745
6776
6759
6799
6810
6815
6816
6822
6847
6819
6845
6820
6817
6850
6894
6950
7022
7080
7193
7274
7389
7490
7592
7671
7762
7829
7856
7912
7891
7874
7898
7877
7857
7821
7829
7856
7873
7917
7956
8046
8121
8193
8285
8386
8450
8503
8549
8529
8454
8356
8240
8189
8136
8122
8128
8087
8135
8161
8165
8265
8302
8407
8479
8489
8512
8558
8467
8392
8278
8207
8110
8046
8001
7927
7879
7844
7831
7807
7818
7820
7798
7761
7741
7690
7644
7607
7576
7545
7548
7520
7496
7461
7422
7370
7333
7301
7206
7163
7119
7073
6984
6941
6940
6854
6872
6892
6875
6878
6937
6941
7012
7063
7081
7150
7177
7195
7192
7235
7223
7228
7180
7184
7133
7114
7070
7032
6977
6946
6915
6890
6879
6873
6867
6862
6864
6864
6864
6858
6861
6894
6933
6953
7029
7072
7116
7203
7287
7365
7464
7502
7585
7636
7690
7662
7681
7640
7642
7624
7614
7606
7608
7606
7609
7607
7592
7538
7495
7445
7389
7319
7256
7175
7149
7075
7036
6944
6923
6886
6864
6870
6888
6899
6914
6943
6940
6967
6979
6981
7007
7035
7069
7098
7150
7180
7198
7310
7316
7409
7461
7534
7586
7566
7537
7462
7396
7343
7287
7262
7223
7172
7146
7144
7086
7091
7122
7127
7158
7187
7226
7250
7271
7320
7305
7308
7300
7312
7253
7284
7234
7262
7251
7287
7302
7334
7349
7405
7468
7494
7512
7507
7493
7454
7408
7366
7355
7340
7322
7315
7297
7284
7274
7242
7222
7232
7235
7241
7287
7300
7360
7427
7496
7581
7675
7721
7811
7835
7851
7868
7872
7886
7886
7902
7907
7879
7868
7886
7858
7873
7885
7933
7967
7982
7923
7891
7891
7850
7837
7814
7769
7721
7642
7545
7501
7437
7404
7402
7417
7437
7475
7516
7528
7515
7536
7566
7611
7665
7735
7793
7889
7978
8070
8140
8190
8215
8234
8259
8245
8236
8217
8156
8042
7980
7905
7856
7807
7824
7774
7762
7740
7686
7638
7556
7474
7392
7294
7211
7124
7045
6993
6973
6970
6999
7040
7090
7126
7156
7187
7187
7189
7198
7208
7233
7255
7277
7258
7294
7292
7301
7291
7323
7306
7362
7389
7396
7427
7465
7498
7548
7617
7676
7734
7701
7637
7562
7489
7414
7326
7262
7195
7130
7078
7043
6958
6937
6926
6924
6923
6923
6921
6911
6901
6901
6903
6865
6886
6885
6870
6867
6872
6869
6879
6877
6883
6844
6851
6864
6878
6902
6961
7054
7156
7282
7421
7593
7782
7986
8155
8317
8476
8630
8757
8865
8912
8929
8893
8889
8875
8786
8651
8577
8476
8412
8323
8235
8173
8093
8043
8002
7971
7913
7884
7836
7823
7838
7777
7768
7739
7701
7655
7578
7484
7459
7324
7286
7227
7166
7069
7082
6998
6953
6983
6937
6972
6988
7007
7027
7035
7005
7022
7020
7040
7058
7086
7149
7198
7242
7280
7332
7366
7430
7459
7490
7506
7510
7483
7478
7444
7449
7444
7454
7457
7458
7406
7401
7334
7388
7311
7316
7202
7185
7150
7057
7025
6994
6952
6943
6917
6917
6953
6979
7049
7136
7234
7351
7490
7604
7744
7872
8001
8118
8237
8319
8306
8339
8343
8260
8162
8069
8013
7931
7890
7844
7846
7813
7848
7883
7960
8025
8178
8227
8265
8275
8289
8294
8320
8276
8262
8233
8185
8084
8014
7909
7839
7752
7665
7593
7496
7439
7387
7341
7302
7264
7270
7223
7195
7155
7121
7070
7028
6981
6952
6943
6973
7016
7091
7170
7249
7344
7451
7522
7545
7606
7579
7622
7598
7539
7488
7440
7417
7394
7368
7403
7447
7520
7596
7637
7659
7657
7630
7595
7543
7483
7447
7357
7300
7240
7205
7181
7198
7246
7240
7274
7311
7354
7393
7440
7511
7568
7642
7668
7624
7550
7480
7397
7381
7347
7338
7318
7319
7329
7360
7378
7410
7454
7508
7529
7536
7523
7483
7393
7356
7272
7214
7115
7054
6963
6887
6825
6794
6773
6781
6770
6771
6770
6783
6761
6770
6762
6780
6756
6782
6755
6780
6767
6788
6796
6818
6808
6833
6826
6853
6834
6852
6854
6849
6852
6845
6848
6852
6852
6868
6909
6951
6996
7032
7092
7136
7214
7240
7296
7325
7348
7355
7351
7315
7298
7242
7190
7111
7078
7014
6970
6906
6852
6810
6798
6780
6817
6824
6838
6857
6890
6914
6922
6930
6925
6918
6914
6895
6883
6875
6860
6842
6844
6852
6851
6883
6909
6944
6961
7012
7025
7065
7093
7113
7152
7209
7201
7235
7284
7271
7270
7273
7245
7245
7185
7168
7098
7082
7037
6976
6945
6932
6903
6871
6849
6856
6818
6836
6836
6837
6840
6844
6866
6894
6900
6939
6943
6978
7018
7073
7118
7221
7299
7395
7485
7590
7673
7778
7880
7968
8036
7979
7961
7943
7837
7786
7751
7663
7627
7605
7573
7590
7578
7618
7643
7732
7737
7779
7799
7803
7806
7753
7730
7671
7530
7488
7377
7288
7171
7129
7028
6997
6933
6891
6871
6847
6851
6850
6858
6856
6866
6864
6879
6877
6894
6908
6930
6940
6983
7040
7115
7203
7288
7411
7529
7641
7749
7840
7911
7979
8034
8070
8040
8001
7967
7942
7902
7877
7828
7821
7804
7837
7800
7770
7713
7637
7541
7455
7394
7344
7320
7323
7343
7382
7456
7523
7574
7683
7781
7866
7943
8010
8083
8115
8109
8106
8091
8083
8083
8076
8040
8047
8029
8033
8004
8000
7977
7962
7939
7925
7853
7743
7609
7501
7369
7258
7149
7050
6979
6955
6950
6954
7044
7086
7174
7269
7358
7458
7558
7644
7690
7705
7717
7717
7705
7685
7649
7617
7597
7569
7545
7511
7469
7431
7407
7416
7428
7446
7464
7479
7478
7487
7497
7518
7544
7563
7588
7625
7659
7691
7692
7705
7714
7723
7725
7735
7728
7708
7657
7610
7544
7477
7351
7273
7229
7163
7077
6994
6976
6868
6873
6800
6779
6797
6740
6781
6780
6786
6793
6806
6797
6801
6819
6817
6830
6832
6842
6831
6831
6819
6819
6812
6811
6835
6860
6901
6889
6930
6968
6961
6973
6955
6971
6929
6958
6878
6905
6855
6860
6837
6865
6813
6808
6800
6801
6795
6806
6808
6826
6790
6838
6827
6881
6958
7029
7137
7186
7272
7360
7434
7505
7596
7662
7720
7763
7767
7737
7708
7678
7658
7654
7647
7670
7700
7688
7728
7827
7893
8045
8223
8336
8489
8644
8791
8909
9009
9086
9129
9144
9095
9004
8865
8759
8593
8497
8337
8241
8155
8132
8117
8100
8087
8121
8111
8122
8089
8046
7966
7917
7838
7801
7690
7650
7539
7515
7459
7377
7335
7242
7184
7127
7076
7059
7014
6990
6992
6983
7007
7019
7040
7047
7068
7054
7055
7038
7039
7016
6986
6975
6945
6918
6912
6816
6821
6826
6788
6767
6767
6758
6762
6768
6762
6756
6767
6790
6763
6791
6767
6767
6790
6783
6808
6813
6818
6814
6823
6816
6824
6829
6833
6834
6833
6856
6842
6845
6859
6915
6923
6997
7016
7105
7083
7156
7217
7278
7346
7436
7509
7633
7642
7670
7671
7668
7663
7679
7587
7538
7425
7378
7290
7212
7166
7097
7045
7026
7015
6990
7023
7055
7066
7155
7169
7259
7260
7294
7318
7341
7381
7422
7413
7427
7443
7446
7457
7476
7487
7506
7526
7548
7584
7559
7587
7607
7595
7589
7602
7604
7602
7572
7515
7457
7418
7379
7338
7302
7261
7218
7168
7116
7069
7028
6992
6966
6953
6919
6895
6882
6919
6970
6991
7080
7152
7222
7298
7348
7416
7449
7493
7508
7491
7505
7478
7473
7475
7478
7468
7443
7468
7472
7517
7500
7534
7595
7635
7595
7557
7479
7381
7316
7234
7157
7087
7003
6964
6897
6852
6766
6733
6747
6731
6745
6723
6760
6742
6750
6751
6741
6738
6751
6756
6806
6791
6814
6788
6852
6866
6933
6976
7019
7081
7103
7163
7181
7186
7164
7170
7139
7154
7148
7156
7146
7141
7151
7122
7143
7145
7185
7207
7214
7218
7244
7198
7163
7125
7083
7051
6988
6958
6880
6891
6877
6886
6904
6929
6972
7002
7054
7162
7196
7245
7356
7377
7408
7452
7397
7409
7396
7389
7404
7400
7398
7423
7486
7529
7618
7717
7811
7942
8065
8198
8226
8309
8321
8353
8309
8280
8220
8121
8018
7925
7835
7766
7652
7597
7545
7518
7472
7448
7453
7468
7465
7461
7500
7490
7480
7500
7462
7475
7481
7480
7478
7431
7417
7387
7367
7338
7296
7270
7248
7223
7209
7184
7143
7112
7039
7036
7022
7021
6991
7044
7060
7122
7164
7197
7274
7329
7320
7306
7313
7310
7269
7243
7200
7168
7139
7102
7061
7034
6979
7011
7027
7056
7079
7118
7154
7209
7267
7333
7370
7397
7412
7415
7364
7269
7201
7111
7055
6968
6900
6840
6804
6797
6796
6797
6797
6800
6801
6802
6804
6770
6800
6789
6793
6809
6793
6799
6779
6792
6786
6730
6793
6732
6750
6804
6765
6757
6798
6779
6773
6802
6830
6893
6893
6983
7010
7082
7130
7169
7222
7255
7319
7310
7316
7292
7256
7225
7171
7115
7050
6992
6934
6878
6832
6847
6864
6925
6982
7071
7138
7240
7301
7405
7460
7520
7589
7656
7652
7626
7557
7471
7467
7382
7378
7399
7428
7459
7540
7601
7685
7796
7930
8093
8205
8298
8337
8367
8369
8279
8274
8221
8155
8092
8054
8009
8029
7984
8014
8057
8097
8127
8175
8143
8092
8020
7986
7903
7822
7718
7635
7525
7435
7309
7220
7141
7059
6990
6948
6882
6933
6836
6892
6865
6790
6779
6751
6792
6741
6764
6774
6775
6768
6782
6777
6778
6790
6798
6803
6805
6800
6806
6845
6787
6826
6856
6890
6923
6938
6984
7006
7026
7031
7040
7043
7083
7121
7140
7169
7207
7236
7283
7303
7352
7398
7457
7506
7560
7589
7611
7615
7655
7682
7727
7783
7793
7753
7733
7684
7628
7544
7464
7360
7253
7148
7039
6959
6858
6798
6799
6855
6892
6961
6971
7012
7079
7104
7136
7161
7203
7243
7270
7279
7289
7280
7259
7218
7185
7124
7051
6979
6924
6871
6819
6818
6812
6816
6784
6836
6794
6814
6807
6809
6797
6824
6781
6795
6775
6794
6760
6796
6802
6806
6813
6842
6887
6941
7008
7077
7147
7216
7299
7363
7444
7482
7545
7576
7581
7542
7496
7438
7386
7325
7275
7217
7169
7123
7114
7091
7094
7124
7156
7188
7217
7238
7244
7266
7311
7362
7411
7430
7456
7427
7425
7471
7489
7511
7539
7567
7593
7634
7653
7693
7719
7770
7773
7778
7786
7818
7785
7823
7798
7760
7797
7811
7796
7691
7631
7602
7548
7537
7535
7544
7564
7552
7633
7663
7641
7699
7771
7847
7901
7939
7951
7930
7859
7836
7766
7659
7566
7465
7375
7269
7167
7120
7076
7042
7013
7002
7000
6998
7003
7007
7022
7036
7002
7018
7003
6966
6955
6950
6909
6887
6861
6895
6848
6880
6882
6867
6883
6875
6899
6910
6969
7013
7086
7150
7225
7306
7332
7429
7395
7454
7427
7411
7382
7331
7235
7192
7118
7033
6930
6922
6874
6800
6785
6759
6761
6774
6761
6807
6806
6820
6848
6835
6863
6859
6863
6834
6848
6851
6831
6833
6818
6821
6828
6821
6818
6825
6815
6813
6804
6807
6803
6827
6826
6842
6889
6903
6957
6986
7015
7020
7044
7049
7059
7061
7044
7029
6972
6963
6954
6897
6876
6853
6825
6806
6799
6799
6831
6814
6831
6835
6886
6901
6935
6959
7011
7015
7075
7098
7156
7103
7136
7068
7074
7032
7013
7002
7016
7062
7098
7143
7193
7232
7281
7308
7364
7414
7431
7462
7439
7424
7406
7380
7366
7352
7357
7321
7347
7282
7305
7305
7301
7284
7280
7310
7347
7339
7341
7387
7407
7434
7459
7479
7530
7550
7587
7639
7650
7661
7669
7679
7698
7673
7683
7668
7646
7611
7571
7530
7487
7450
7400
7342
7280
7225
7173
7127
7083
7045
7035
6995
6991
7002
7016
7003
7008
7032
7096
7130
7181
7226
7239
7268
7262
7271
7261
7242
7246
7196
7201
7170
7155
7118
7100
7055
7022
6990
6998
6913
6915
6907
6828
6835
6800
6845
6795
6895
6875
6958
7053
7083
7129
7197
7273
7328
7390
7429
7456
7490
7520
7543
7526
7502
7502
7433
7458
7442
7441
7439
7468
7492
7539
7585
7631
7704
7750
7817
7892
7982
8020
8012
8013
8023
8032
8012
8022
8022
7966
7955
7911
7898
7911
7895
7892
7937
7991
7951
7902
7848
7828
7801
7805
7780
7806
7787
7800
7812
7863
7872
7905
7962
8016
8034
8063
8052
8112
8067
8008
7947
7857
7766
7666
7540
7407
7307
7182
7014
6958
6862
6819
6792
6784
6781
6772
6799
6809
6819
6877
6918
6990
7004
7076
7141
7201
7289
7376
7479
7594
7679
7794
7886
8013
8081
8211
8303
8357
8387
8405
8369
8332
8255
8107
8032
7952
7851
7777
7652
7595
7518
7482
7503
7552
7528
7606
7661
7751
7805
7891
7940
8034
8090
8109
8066
8016
7921
7842
7756
7683
7576
7473
7378
7309
7232
7178
7133
7130
7150
7208
7195
7237
7244
7291
7317
7353
7332
7386
7344
7339
7293
7262
7217
7161
7133
7063
7095
7055
7118
7146
7176
7200
7219
7273
7275
7341
7374
7385
7390
7376
7371
7365
7355
7345
7344
7333
7348
7381
7399
7450
7458
7505
7553
7576
7574
7620
7598
7639
7641
7633
7584
7538
7506
7485
7438
7406
7380
7353
7324
7312
7293
7306
7318
7424
7514
7612
7723
7859
7957
8075
8175
8249
8270
8240
8174
8096
7990
7907
7794
7718
7675
7614
7568
7564
7514
7601
7670
7768
7849
7885
7933
7955
7915
7896
7873
7861
7857
7848
7824
7757
7693
7638
7588
7561
7546
7527
7487
7434
7378
7325
7255
7197
7103
7055
6996
6941
6908
6804
6809
6720
6730
6742
6745
6717
6739
6715
6748
6711
6742
6714
6722
6711
6746
6717
6773
6714
6758
6733
6760
6721
6774
6774
6774
6783
6780
6778
6780
6784
6787
6778
6804
6780
6811
6785
6789
6811
6783
6783
6801
6787
6780
6780
6797
6805
6811
6822
6790
6820
6796
6798
6795
6811
6815
6822
6824
6820
6798
6806
6812
6818
6831
6801
6852
6895
6948
6999
7021
7079
7112
7179
7171
7234
7258
7276
7278
7275
7252
7240
7242
7280
7323
7378
7431
7495
7555
7617
7638
7707
7728
7740
7731
7692
7628
7559
7490
7396
7267
7170
7092
6976
6954
6873
6851
6879
6978
7043
7166
7298
7362
7457
7552
7636
7673
7706
7718
7718
7670
7606
7516
7463
7400
7364
7335
7335
7315
7308
7350
7357
7386
7399
7414
7415
7407
7366
7308
7256
7191
7130
7061
6999
6932
6933
6919
6973
7022
7054
7121
7186
7233
7295
7356
7398
7458
7482
7493
7443
7458
7378
7323
7255
7191
7117
7056
6998
6945
6887
6863
6812
6810
6816
6804
6819
6816
6817
6816
6812
6807
6773
6815
6774
6838
6819
6819
6823
6822
6828
6823
6823
6820
6823
6840
6825
6824
6823
6832
6884
6937
6960
7065
7155
7199
7285
7382
7457
7573
7721
7839
8019
8090
8155
8211
8271
8261
8260
8243
8212
8131
8026
7908
7747
7596
7486
7299
7220
7093
7023
6953
6892
6838
6800
6772
6779
6798
6776
6770
6797
6800
6746
6785
6758
6783
6769
6785
6792
6797
6793
6797
6736
6762
6733
6771
6741
6751
6739
6738
6764
6732
6734
6732
6764
6819
6869
6919
6964
7015
7070
7170
7286
7437
7555
7694
7844
7962
8088
8055
8137
8143
8168
8098
8039
7956
7865
7715
7604
7458
7384
7268
7157
7065
7020
6948
6952
6934
7004
7008
7033
7063
7088
7124
7086
7153
7111
7122
7106
7120
7086
7076
7034
7012
6973
6951
6897
6899
6887
6930
6936
6945
6952
6976
6973
6987
6995
7064
7078
7168
7285
7329
7424
7496
7596
7667
7751
7820
7913
7996
8062
8052
8025
7969
7956
7974
7991
8029
8066
8100
8160
8204
8264
8314
8371
8441
8433
8354
8326
8214
8073
7941
7858
7780
7726
7670
7619
7555
7537
7535
7559
7604
7689
7765
7851
7866
7975
7966
7991
7931
7969
7896
7899
7853
7786
7718
7696
7639
7589
7564
7510
7540
7557
7579
7591
7618
7581
7611
7609
7560
7517
7472
7448
7372
7300
7260
7201
7117
7072
7001
6945
6938
6925
6879
6888
6874
6872
6886
6903
6915
6942
6947
6948
6945
6929
6904
6891
6952
6974
7018
7091
7133
7198
7260
7317
7349
7372
7406
7407
7408
7361
7331
7287
7213
7164
7098
7033
6980
6934
6885
6847
6786
6765
6773
6769
6770
6750
6796
6740
6760
6780
6769
6773
6774
6773
6822
6861
6922
6986
7039
7115
7167
7240
7276
7348
7394
7437
7469
7443
7430
7367
7289
7229
7155
7093
7029
6986
6927
6895
6842
6836
6832
6875
6836
6865
6864
6862
6849
6861
6890
6953
6952
7028
7060
7134
7176
7227
7302
7279
7317
7316
7292
7253
7189
7141
7068
7029
6988
6936
6912
6922
6992
6985
7031
7115
7155
7221
7296
7330
7376
7391
7471
7532
7575
7612
7632
7659
7681
7701
7713
7739
7749
7789
7827
7802
7729
7689
7667
7692
7615
7635
7631
7638
7640
7640
7648
7662
7678
7745
7781
7778
7731
7687
7617
7534
7473
7460
7385
7368
7358
7317
7306
7305
7317
7350
7363
7383
7413
7454
7497
7555
7595
7600
7615
7616
7633
7651
7676
7705
7727
7756
7774
7783
7753
7747
7733
7708
7658
7608
7537
7478
7436
7416
7368
7378
7360
7335
7332
7351
7384
7435
7500
7589
7671
7760
7834
7942
8042
8118
8201
8276
8225
8192
8099
8057
7940
7859
7775
7700
7646
7587
7582
7611
7632
7730
7753
7904
7984
8093
8174
8299
8371
8416
8376
8279
8140
8021
7882
7785
7674
7524
7449
7362
7284
7313
7259
7362
7399
7496
7580
7664
7771
7836
7928
8013
8049
8065
8050
8012
7931
7897
7815
7769
7693
7652
7571
7516
7498
7507
7482
7500
7527
7592
7639
7716
7796
7857
7890
7906
7859
7833
7792
7706
7628
7547
7464
7377
7291
7197
7108
7039
6961
6905
6850
6799
6767
6742
6771
6802
6838
6870
6902
6924
6949
6946
6975
6954
6951
6965
6907
6906
6887
6872
6862
6862
6903
6969
7009
7099
7162
7240
7324
7413
7485
7550
7628
7627
7667
7727
7751
7740
7697
7598
7568
7520
7499
7479
7448
7419
7390
7358
7335
7307
7254
7196
7143
7090
7042
6990
6936
6898
6821
6805
6810
6833
6850
6857
6875
6901
6923
6932
6961
6950
6964
7009
6963
6957
6959
6919
6874
6860
6819
6804
6768
6765
6765
6779
6765
6760
6769
6788
6766
6784
6810
6864
6876
6897
7032
7056
7180
7217
7274
7315
7334
7326
7307
7256
7208
7131
7078
6983
6938
6866
6868
6804
6827
6787
6818
6802
6811
6841
6884
6923
6967
7030
7061
7148
7171
7250
7251
7325
7356
7439
7515
7602
7652
7744
7816
7857
7902
7943
7951
7984
7940
7883
7836
7729
7647
7574
7509
7414
7366
7297
7223
7195
7152
7122
7100
7086
7061
7043
7070
7038
7117
7115
7178
7206
7259
7318
7376
7453
7551
7651
7720
7767
7798
7825
7870
7882
7896
7867
7869
7832
7810
7790
7761
7757
7740
7703
7707
7678
7663
7653
7649
7671
7646
7572
7533
7497
7444
7401
7359
7347
7282
7254
7198
7183
7167
7148
7162
7168
7151
7180
7159
7207
7167
7215
7199
7172
7152
7100
7051
6993
6967
6904
6870
6858
6800
6784
6783
6796
6792
6801
6802
6810
6813
6845
6883
6929
6968
7034
7109
7154
7222
7245
7258
7272
7241
7244
7199
7163
7123
7025
6983
6892
6838
6808
6749
6728
6784
6733
6736
6795
6785
6815
6838
6880
6887
6911
6928
6959
6939
6943
6962
6914
6934
6889
6904
6842
6844
6840
6805
6810
6836
6850
6915
6955
7019
7073
7132
7202
7286
7322
7380
7434
7447
7502
7483
7505
7503
7496
7469
7409
7408
7318
7289
7237
7208
7193
7155
7144
7135
7116
7142
7152
7158
7202
7237
7275
7304
7319
7326
7365
7323
7390
7382
7432
7404
7479
7471
7520
7583
7647
7648
7637
7610
7609
7596
7624
7613
7623
7615
7626
7626
7672
7659
7712
7774
7847
7821
7800
7738
7698
7618
7534
7461
7391
7386
7336
7344
7285
7227
7185
7158
7159
7157
7165
7169
7176
7173
7162
7141
7122
7096
7076
7018
7008
6950
6909
6844
6807
6768
6755
6750
6745
6721
6751
6744
6789
6842
6900
6966
7038
7094
7225
7354
7462
7568
7657
7726
7779
7787
7777
7712
7689
7637
7514
7451
7287
7234
7165
7035
6988
7008
6953
6958
6984
6964
7055
7046
7159
7245
7290
7347
7363
7360
7368
7391
7406
7371
7359
7341
7323
7289
7248
7235
7202
7220
7223
7317
7401
7463
7532
7592
7652
7754
7817
7864
7968
8004
8079
8173
8206
8267
8262
8233
8265
8254
8263
8228
8287
8258
8272
8243
8227
8128
8140
8087
8106
8119
8173
8196
8260
8348
8396
8471
8594
8677
8771
8818
8850
8810
8706
8578
8456
8332
8172
8048
7949
7866
7754
7626
7483
7354
7231
7139
7065
6992
6886
6857
6761
6753
6707
6702
6708
6698
6715
6715
6719
6713
6702
6721
6705
6717
6688
6715
6702
6724
6720
6740
6748
6764
6839
6871
6953
6992
7055
7106
7165
7186
7243
7243
7252
7245
7236
7203
7177
7175
7175
7181
7203
7223
7294
7282
7428
7526
7651
7785
7958
8034
8065
8027
8032
7972
7978
7881
7820
7768
7710
7691
7686
7623
7616
7645
7662
7685
7666
7699
7636
7637
7570
7551
7442
7379
7327
7213
7160
7118
7081
7008
6952
6914
6872
6845
6847
6824
6818
6806
6816
6825
6823
6830
6813
6841
6813
6817
6815
6826
6781
6836
6794
6779
6803
6757
6820
6869
6914
7016
7107
7208
7303
7413
7485
7518
7530
7541
7487
7426
7343
7259
7154
7073
6965
6903
6860
6892
6942
6989
7061
7130
7199
7294
7356
7424
7506
7594
7627
7669
7691
7705
7713
7709
7698
7694
7702
7720
7750
7741
7765
7750
7768
7742
7762
7749
7822
7780
7772
7719
7702
7679
7641
7576
7528
7440
7366
7256
7162
7061
6980
6919
6855
6802
6779
6754
6759
6742
6757
6748
6766
6757
6799
6835
6877
6928
6955
7000
7034
7068
7088
7098
7113
7105
7068
7043
6987
6940
6910
6873
6824
6815
6779
6770
6773
6751
6764
6754
6764
6748
6743
6739
6738
6749
6773
6796
6821
6896
7011
7123
7239
7364
7451
7619
7735
7913
8013
8086
8150
8178
8179
8108
8019
7896
7810
7706
7614
7532
7447
7398
7388
7406
7443
7493
7563
7659
7783
7884
7989
8102
8160
8169
8159
8065
7984
7875
7751
7607
7434
7330
7127
7040
6925
6827
6757
6735
6745
6733
6748
6736
6747
6747
6746
6744
6766
6719
6779
6745
6764
6779
6792
6799
6793
6852
6891
6940
6994
7059
7157
7267
7389
7533
7647
7762
7769
7845
7914
7904
7879
7920
7915
7893
7877
7782
7745
7718
7721
7743
7714
7702
7679
7671
7667
7670
7694
7749
7838
7862
7934
7986
8024
8078
8128
8137
8118
8028
7942
7828
7719
7615
7508
7455
7402
7355
7325
7340
7370
7413
7493
7576
7664
7741
7819
7937
8067
8180
8266
8323
8375
8315
8232
8107
7988
7845
7719
7587
7479
7365
7290
7259
7211
7209
7211
7226
7278
7304
7349
7406
7475
7531
7594
7643
7648
7640
7605
7554
7474
7398
7317
7238
7133
7044
6958
6897
6847
6807
6807
6799
6815
6861
6906
6963
7020
7064
7139
7212
7275
7359
7427
7492
7559
7591
7580
7562
7452
7422
7314
7244
7170
7103
7053
7010
6968
6945
6912
6925
6961
6971
7020
7056
7065
7157
7205
7283
7391
7469
7582
7655
7727
7782
7816
7832
7799
7785
7733
7680
7612
7533
7464
7410
7364
7362
7329
7291
7258
7212
7171
7135
7110
7091
7052
7040
7029
6976
6933
6937
6887
6868
6891
6849
6852
6876
6890
6903
6927
6954
6994
7009
7020
7026
7032
7016
7006
6988
6990
6935
6927
6896
6881
6850
6836
6844
6889
6908
6950
6963
6975
6963
6966
6956
6941
6929
6887
6875
6851
6809
6816
6806
6842
6852
6884
6854
6858
6855
6878
6883
6894
6911
6919
6972
6940
6971
6965
6963
6960
6920
6909
6877
6846
6839
6817
6808
6806
6808
6833
6882
6948
7012
7058
7150
7211
7292
7378
7448
7504
7615
7672
7706
7657
7613
7562
7531
7487
7456
7476
7485
7518
7536
7586
7693
7772
7858
7948
8060
8160
8211
8241
8223
8176
8106
8013
7894
7781
7699
7547
7449
7330
7235
7136
7070
7031
7017
7018
7044
7032
7055
7072
7113
7152
7190
7219
7262
7283
7308
7314
7295
7286
7294
7268
7253
7231
7192
7158
7118
7102
7088
7090
7050
7052
7057
7053
7047
6991
7024
6989
7049
7065
7077
7145
7146
7207
7289
7342
7422
7520
7581
7707
7800
7866
7867
7885
7851
7829
7774
7729
7663
7624
7514
7452
7360
7271
7172
7152
7082
7051
6995
6951
6942
6934
6942
6979
7048
7032
7142
7183
7239
7315
7359
7400
7421
7420
7391
7351
7289
7231
7176
7130
7038
7029
6958
6939
6915
6902
6922
6956
6962
6997
7047
7045
7084
7092
7149
7215
7329
7357
7435
7491
7530
7567
7579
7609
7602
7614
7618
7653
7674
7687
7677
7691
7678
7680
7687
7679
7688
7709
7731
7746
7719
7688
7688
7658
7628
7612
7579
7533
7482
7429
7374
7297
7249
7246
7179
7160
7172
7144
7130
7136
7096
7083
7110
7132
7179
7202
7236
7236
7281
7293
7335
7366
7426
7474
7527
7570
7621
7599
7589
7590
7554
7541
7506
7501
7457
7417
7360
7309
7243
7192
7114
7047
6976
6949
6862
6833
6790
6783
6744
6777
6808
6852
6894
6940
6994
7033
7091
7092
7145
7122
7158
7166
7145
7127
7091
7063
7036
7000
6936
6907
6867
6842
6797
6794
6816
6815
6849
6874
6893
6940
6951
6985
7031
7073
7117
7161
7202
7233
7251
7275
7281
7290
7278
7269
7248
7226
7192
7104
7049
6996
6919
6839
6814
6814
6769
6765
6785
6852
6882
6947
7014
7096
7127
7183
7247
7291
7322
7338
7365
7351
7344
7313
7309
7317
7341
7352
7362
7390
7399
7430
7471
7504
7540
7577
7614
7610
7624
7562
7500
7435
7357
7274
7187
7098
7025
6952
6866
6840
6775
6792
6799
6760
6769
6766
6765
6761
6770
6776
6767
6759
6757
6758
6754
6768
6778
6818
6792
6860
6821
6879
6892
6922
6934
6956
6958
6942
6943
6936
6923
6938
6959
6979
7002
7047
7075
7165
7224
7306
7363
7442
7499
7584
7617
7631
7611
7528
7459
7399
7319
7214
7135
7067
7005
6933
6874
6815
6789
6726
6709
6710
6726
6709
6734
6714
6721
6745
6727
6734
6744
6765
6780
6735
6740
6790
6751
6787
6787
6786
6785
6766
6836
6850
6888
6952
6983
7019
7046
7077
7103
7123
7085
7095
7026
7016
6942
6888
6876
6795
6765
6734
6721
6724
6747
6762
6774
6794
6801
6808
6803
6808
6792
6777
6796
6772
6770
6741
6757
6717
6736
6716
6737
6720
6719
6725
6742
6747
6749
6748
6772
6747
6748
6748
6748
6747
6765
6750
6760
