11527
10919
10506
10152
10063
9931
9918
9895
9982
9987
9941
9834
9872
9875
9874
9778
9703
9662
9589
9536
9507
9528
9584
9611
9692
9658
9664
9604
9627
9636
9593
9481
9472
9464
9387
9414
9410
9434
9435
9410
9324
9214
9218
9236
9220
9236
9239
9205
9297
9336
9418
9341
9437
9410
9403
9395
9471
9469
9514
9555
9604
9663
9673
9731
9696
9689
9605
9540
9586
9598
9688
9646
9711
9685
9726
9671
9659
9611
9596
9618
9628
9588
9499
9508
9567
9562
9673
9648
9720
9720
9725
9693
9739
9789
9853
9922
9959
9899
9815
9816
9885
9917
9961
9951
10024
10081
10075
9973
9911
9860
9810
9754
9762
9738
9793
9865
9992
10130
10194
10155
10160
10086
10080
9990
9992
9960
10011
9976
9977
9946
9996
10023
10145
10145
10171
10138
10176
10111
10059
9955
10003
10037
10144
10161
10265
10273
10332
10283
10304
10238
10257
10221
10223
10243
10299
10308
10366
10462
10597
10686
10754
10725
10689
10597
10475
10309
10250
10225
10299
10347
10425
10419
10398
10295
10231
10120
10082
10060
10077
10054
10037
10020
9952
9976
10067
10160
10236
10207
10204
10144
10119
10050
10025
9943
9906
9884
9953
9961
10009
10005
9979
10006
10000
9959
10036
9969
9945
9851
9892
9919
9979
9978
10030
10101
10170
10164
10235
10264
10268
10257
10210
10163
10182
10184
10230
10279
10308
10335
10416
10416
10394
10328
10350
10288
10333
10336
10465
10517
10585
10546
10583
10509
10511
10489
10529
10520
10543
10527
10574
10546
10644
10656
10610
10543
10501
10419
10425
10389
10414
10344
10292
10299
10355
10421
10420
10370
10383
10320
10343
10288
10346
10396
10382
10352
10351
10340
10373
10424
10480
10501
10528
10471
10406
10241
10138
10029
10022
9993
10018
10009
10079
10041
10075
10004
10006
9947
9954
9958
10053
10058
10057
9976
10066
10132
10217
10182
10217
10130
10040
9857
9830
9768
9728
9737
9762
9779
9805
9807
9846
9861
9884
9862
9804
9750
9700
9642
9635
9595
9585
9547
9565
9585
9647
9570
9585
9469
9474
9445
9526
9624
9697
9724
9807
9810
9755
9728
9682
9676
9617
9577
9582
9597
9613
9577
9635
9637
9590
9587
9547
9496
9517
9437
9490
9483
9471
9449
9509
9463
9487
9476
9496
9545
9559
9560
9584
9565
9576
9536
9562
9629
9671
9767
9824
9897
9825
9754
9759
9695
9701
9657
9657
9641
9655
9639
9703
9687
9692
9626
9622
9606
9658
9619
9674
9679
9675
9703
9756
9818
9928
9924
10027
10078
10078
10128
10180
10192
10245
10252
10222
10229
10223
10196
10243
10225
10211
10205
10298
10372
10450
10418
10407
10345
10320
10276
10285
10255
10306
10255
10241
10213
10184
10104
10086
10063
10125
10065
10058
10029
10082
10014
10060
9995
10009
9972
9975
9944
9941
9895
9952
9916
9901
9821
9846
9870
9897
9909
9972
10062
10121
10131
10237
10154
10113
10033
10017
9899
9799
9738
9761
9728
9774
9877
10074
10112
10154
10113
10103
10012
9935
9772
9767
9741
9724
9828
9925
9967
9956
10022
10033
9928
9960
9918
9849
9765
9740
9773
9787
9891
9977
9946
9984
9926
9898
9788
9732
9631
9644
9640
9737
9738
9788
9734
9729
9648
9665
9673
9729
9716
9791
9769
9745
9757
9797
9774
9831
9759
9803
9779
9831
9794
9855
9833
9837
9753
9771
9813
9848
9831
9895
9865
9867
9781
9822
9756
9725
9705
9795
9803
9839
9821
9865
9886
9932
9916
9927
9864
9876
9854
9913
9926
10027
9999
10093
10101
10072
10014
9999
9981
9996
10074
10148
10203
10188
10170
10105
10029
9953
9834
9815
9817
9964
10051
10206
10278
10304
10197
10103
9977
9970
9985
10029
10025
10087
10128
10231
10273
10289
10264
10264
10221
10245
10265
10282
10312
10297
10292
10405
10445
10571
10600
10656
10663
10578
10454
10367
10261
10258
10265
10371
10438
10407
10357
10313
10174
10084
9969
9965
9930
9982
9968
10021
9982
9948
9900
9905
9852
9859
9765
9776
9685
9763
9715
9829
9850
9942
9922
9857
9772
9708
9621
9684
9731
9846
9822
9904
9802
9823
9781
9840
9808
9796
9735
9857
9860
9927
9980
10056
9995
10026
9957
9962
9934
9945
9943
9963
9990
10006
9988
10102
10168
10231
10185
10182
10064
10007
9937
9974
9949
10020
10056
10118
10202
10166
10104
10077
10048
10057
10007
10124
10112
10075
10040
10073
10031
10055
9982
10089
10108
10089
10038
10020
9940
9859
9800
9783
9755
9730
9708
9786
9806
9838
9810
9868
9881
9923
9847
9841
9785
9747
9604
9582
9563
9571
9541
9557
9627
9706
9782
9792
9718
9725
9737
9752
9746
9716
9697
9693
9716
9787
9821
9916
9916
9972
9914
9856
9850
9863
9909
9927
9927
9919
9900
9880
9832
9871
9854
9837
9842
9824
9830
9799
9837
9818
9811
9791
9831
9843
9835
9834
9904
9944
9991
10049
10069
10075
10059
10031
10037
10026
9954
9903
9850
9874
9875
9840
9890
9885
9890
9797
9781
9750
9770
9729
9753
9768
9783
9779
9777
9759
9795
9803
9851
9850
9813
9781
9765
9749
9799
9874
9937
9926
9862
9807
9816
9848
9872
9895
9931
10007
10036
10049
10134
10140
10179
10172
10177
10120
10143
10140
10159
10179
10244
10249
10289
10311
10328
10284
10265
10251
10252
10198
10225
10211
10182
10112
10073
10081
10094
10095
10194
10281
10315
10289
10263
10246
10227
10153
10175
10152
10218
10227
10239
10245
10234
10116
10124
10102
10128
10113
10130
10142
10125
10076
10031
9925
9873
9817
9853
9896
9973
9969
9940
9867
9844
9809
9800
9764
9834
9872
9942
9970
9883
9811
9785
9746
9710
9640
9581
9552
9524
9474
9456
9467
9433
9455
9437
9446
9435
9407
9364
9318
9296
9282
9318
9345
9300
9341
9261
9296
9276
9356
9377
9406
9437
9491
9531
9615
9680
9654
9709
9724
9732
9729
9695
9710
9708
9736
9730
9733
9744
9801
9863
9903
9908
9883
9852
9804
9714
9644
9590
9609
9630
9699
9684
9694
9652
9627
9643
9710
9733
9717
9710
9735
9711
9700
9701
9791
9791
9873
9792
9875
9791
9781
9725
9742
9726
9730
9784
9840
9735
9750
9680
9647
9602
9659
9710
9746
9778
9796
9787
9763
9757
9717
9704
9661
9664
9703
9697
9688
9648
9624
9631
9609
9638
9658
9658
9628
9630
9562
9562
9484
9463
9526
9535
9590
9601
9661
9724
9772
9763
9782
9732
9713
9661
9699
9713
9774
9869
9979
10019
10046
9970
9981
9958
9910
9884
9973
9942
10041
10055
10104
10133
10124
10101
10130
10118
10066
10057
10070
10093
10093
10055
10047
10054
10046
10070
10031
10020
9995
10033
10044
10066
10028
10003
10023
9969
9786
9736
9692
9659
9681
9733
9802
9877
9887
9838
9802
9712
9663
9697
9789
9847
9872
9850
9810
9743
9676
9639
9597
9556
9482
9490
9490
9498
9468
9504
9478
9500
9469
9490
9470
9453
9439
9478
9480
9474
9426
9417
9440
9491
9507
9567
9506
9459
9410
9433
9356
9364
9342
9404
9389
9330
9299
9309
9294
9256
9289
9371
9364
9359
9317
9356
9295
9314
9267
9383
9440
9474
9585
9590
9602
9616
9538
9549
9500
9527
9540
9623
9605
9655
9668
9635
9610
9563
9553
9524
9489
9479
9415
9369
9287
9335
9254
9303
9255
9323
9326
9347
9347
9419
9473
9573
9564
9632
9620
9622
9582
9552
9480
