6489
6359
6285
6281
6355
6366
6360
6337
6369
6426
6432
6414
6417
6443
6401
6364
6409
6425
6476
6456
6451
6457
6481
6484
6480
6470
6484
6452
6489
6507
6500
6474
6494
6489
6504
6499
6478
6457
6457
6438
6455
6409
6427
6395
6379
6384
6390
6393
6383
6362
6361
6344
6370
6371
6417
6395
6451
6446
6473
6491
6522
6514
6564
6552
6593
6589
6591
6569
6588
6580
6583
6544
6543
6550
6566
6539
6500
6504
6482
6437
6463
6446
6475
6450
6453
6434
6420
6417
6419
6399
6401
6401
6422
6449
6427
6418
6458
6445
6458
6453
6439
6470
6461
6467
6454
6471
6481
6469
6475
6491
6490
6467
6487
6497
6493
6442
6462
6438
6423
6438
6464
6457
6457
6426
6464
6443
6420
6441
6443
6449
6448
6424
6460
6436
6408
6415
6444
6497
6476
6438
6438
6379
6355
6352
6425
6429
6423
6433
6404
6362
6349
6349
6318
6385
6398
6358
6334
6358
6364
6377
6361
6368
6363
6353
6380
6366
6387
6369
6396
6377
6375
6361
6405
6364
6350
6315
6300
6297
6305
6308
6287
6285
6275
6234
6206
6159
6156
6151
6155
6122
6103
6119
6123
6109
6096
6091
6113
6079
6097
6117
6144
6140
6132
6108
6124
6146
6177
6176
6185
6196
6202
6212
6227
6238
6248
6250
6285
6274
6272
6263
6260
6251
6254
6213
6246
6266
6272
6254
6231
6224
6210
6251
6232
6213
6200
6172
6171
6152
6163
6141
6136
6131
6138
6107
6117
6138
6095
6069
5998
6017
6086
6041
6023
6002
5995
6057
6070
6039
6066
6109
6108
6077
6083
6102
6080
6094
6113
6115
6106
6091
6125
6111
6122
6125
6105
6128
6126
6123
6120
6159
6134
6131
6125
6127
6134
6143
6128
6108
6108
6137
6142
6145
6125
6152
6157
6183
6185
6202
6185
6187
6180
6192
6267
6266
6318
6342
6332
6375
6373
6344
6401
6412
6450
6452
6458
6471
6481
6485
6513
6491
6511
6503
6520
6543
6572
6568
6551
6561
6538
6512
6548
6535
6541
6531
6526
6514
6504
6505
6507
6491
6497
6490
6487
6486
6455
6423
6461
6524
6488
6467
6436
6476
6490
6438
6479
6476
6484
6450
6491
6493
6471
6480
6463
6458
6443
6421
6452
6451
6433
6394
6422
6457
6452
6448
6415
6407
6392
6408
6390
6392
6368
6361
6359
6350
6342
6347
6377
6361
6313
6292
6307
6290
6280
6275
6278
6246
6220
6216
6227
6234
6218
6181
6179
6148
6151
6154
6194
6207
6209
6177
6197
6201
6214
6198
6224
6229
6235
6210
6226
6221
6231
6211
6205
6223
6209
6216
6216
6169
6181
6159
6174
6138
6105
6096
6078
6052
6081
6029
6038
6029
6025
5983
5990
5963
5982
5982
5972
5982
5962
5974
5975
5982
5996
5975
6006
5988
5996
5976
6007
6029
6026
6007
5999
6015
6038
6006
6008
6024
6022
6006
6016
6015
5984
5963
5987
5960
5952
5965
5945
5921
5913
5899
5899
5902
5911
5913
5910
5898
5904
5892
5910
5913
5929
5886
5895
5891
5871
5867
5876
5851
5873
5898
5896
5888
5926
5912
5946
5970
5963
5963
5977
5975
6005
5995
6040
6058
6060
6068
6072
6066
6106
6098
6135
6124
6157
6134
6146
6159
6177
6181
6161
6168
6135
6143
6121
6135
6112
6092
6086
6037
6021
6019
6011
5987
5949
5945
5930
5947
5944
5936
5922
5905
5926
5919
5874
5872
5881
5819
5861
5860
5836
5842
5847
5800
5817
5797
5780
5805
5796
5798
5773
5780
5765
5761
5757
5750
5750
5746
5723
5725
5737
5703
5706
5673
5655
5637
5633
5665
5634
5640
5639
5645
5660
5661
5665
5680
5690
5684
5711
5711
5720
5722
5728
5685
5719
5727
5738
5755
5783
5800
5816
5793
5818
5838
5849
5853
5872
5863
5864
5870
5920
5937
5940
5927
5924
5936
5932
5924
5949
5967
5986
5967
5978
5954
5969
5962
5964
5973
5966
5916
5930
5955
5944
5926
5932
5912
5920
5899
5910
5909
5917
5947
5947
5940
5950
5945
5949
5958
5956
5949
5959
5983
5977
6000
5975
6010
6019
5999
5999
5984
5987
5987
5963
5960
5972
5969
5970
5955
5956
5929
5931
5917
5918
5916
5919
5874
5869
5857
5850
5814
5796
5774
5778
5763
5709
5705
5695
5658
5619
5628
5618
5614
5600
5608
5598
5585
5594
5583
5577
5588
5593
5569
5614
5599
5618
5598
5625
5628
5618
5594
5605
5625
5605
5595
5618
5573
5580
5545
5566
5544
5549
5543
5552
5546
5537
5543
5548
5526
5504
5484
5470
5448
5413
5454
5451
5463
5480
5474
5478
5446
5453
5474
5467
5518
5535
5513
5526
5524
5549
5573
5571
5574
5599
5603
5607
5615
5629
5632
5610
5635
5657
5631
5655
5629
5685
5658
5672
5671
5680
5686
5722
5687
5678
5636
5664
5645
5650
5637
5649
5634
5666
5624
5632
5648
5651
5641
5677
5657
5670
5654
5663
5657
5672
5683
5711
5705
5701
5709
5713
5722
5731
5755
5763
5767
5816
5784
5791
5799
5809
5790
5785
5795
5817
5803
5796
5810
5807
5813
5804
5819
5800
5839
5813
5821
5796
5786
5787
5793
5801
5785
5813
5802
5770
5773
5786
5762
5792
5799
5806
5780
5830
5827
5840
5823
5857
5889
5939
5886
5920
5923
5926
5891
5977
5964
5969
5989
5992
5999
6024
6008
6017
6025
6003
6008
6005
6006
5996
5985
6014
6006
5999
5981
6015
5971
5995
5961
5946
5906
5890
5909
5903
5901
5900
5889
5905
5879
5893
5869
5875
5891
5863
5893
5900
5965
5957
5956
5951
6008
5957
5990
6029
6040
6045
6038
6064
6048
6069
6076
6117
6107
6110
6116
6142
6122
6144
6136
6133
6160
6143
6134
6139
6135
6129
6085
6085
6081
6086
6048
6088
6059
6092
6049
6066
6047
6060
6056
6047
6056
6065
6085
6145
6145
6153
6140
6194
6206
6215
6203
6262
6305
6324
6331
6380
6379
6384
6390
6423
6443
6450
6443
6440
6461
6462
6463
6479
6501
6498
6474
6458
6479
6459
6444
6451
6448
6441
6445
6443
6427
6430
6432
6411
6400
6397
6362
6396
6408
6415
6362
6357
6341
6349
6367
6398
6378
6359
6360
6381
6399
6404
6424
6420
6422
6462
6439
6435
6438
6477
6496
6493
6477
6491
6478
6483
6460
6451
6447
6438
6439
6427
6452
6421
6385
6359
6360
6344
6338
6350
6373
6335
6291
6284
6289
6275
6227
6233
6238
6275
6263
6265
6256
6265
6234
6234
6216
6231
6231
6281
6259
6261
6250
6293
6321
6330
6332
6323
6303
6321
6344
6343
6379
6383
6396
6386
6387
6383
6400
6401
6407
6410
6426
6425
6440
6444
6424
6460
6474
6474
6452
6456
6444
6471
6479
6483
6456
6422
6427
6427
6424
6415
6417
6422
6450
6454
6451
6465
6442
6447
6457
6507
6497
6518
6492
6507
6533
6560
6556
6527
6518
6495
6525
6501
6485
6463
6418
6440
6484
6489
6460
6413
6399
6424
6428
6425
6395
6402
6393
6370
6368
6347
6316
6305
6290
6264
6239
6211
6155
6154
6148
6133
6116
6102
6067
6106
6088
6068
6054
6061
6021
6036
6051
6082
6062
6019
5995
5972
6007
5979
5977
5989
5947
5937
5922
5931
5893
5864
5838
5845
5798
5777
5714
5698
5680
5636
5597
5600
5546
5517
5475
5494
5433
5451
5407
5414
5416
5425
5373
5400
5372
5383
5387
5415
5392
5383
5384
5398
5373
5402
5365
5387
5410
5388
5359
5412
5398
5418
5401
5435
5443
5454
5414
5432
5420
5398
5391
5355
5394
5405
5346
5372
5366
5306
5350
5355
5291
5327
5265
5277
5256
5214
5175
5178
5146
5090
5062
5007
5018
4932
4889
4886
4800
4787
4734
4711
4672
4690
4665
4617
4577
4543
4535
4510
4487
4475
4441
4423
4371
4390
4354
4338
4292
4309
4249
4219
4201
4177
4177
4149
4128
4105
4017
4012
3935
3909
3868
3781
3716
3681
3631
3553
3547
3468
3441
3398
3317
3291
3237
3266
3230
3173
