11843
11770
11666
11590
11563
11544
11503
11448
11426
11414
11375
11361
11352
11340
11344
11312
11323
11306
11318
11314
11300
11307
11309
11305
11295
11277
11269
11255
11224
11211
11196
11186
11161
11157
11116
11111
11101
11041
10992
10958
10895
10885
10855
10807
10814
10769
10735
10746
10699
10720
10713
10682
10624
10626
10565
10516
10467
10436
10433
10410
10399
10389
10406
10423
10419
10425
10426
10411
10412
10398
10387
10359
10340
10301
10313
10259
10282
10242
10268
10203
10243
10208
10224
10217
10271
10275
10298
10301
10358
10364
10314
10283
10308
10285
10294
10265
10297
10284
10288
10273
10215
10270
10285
10281
10329
10370
10372
10400
10397
10408
10427
10417
10380
10446
10423
10429
10448
10462
10402
10427
10454
10480
10504
10536
10556
10607
10619
10633
10680
10686
10693
10689
10696
10706
10716
10698
10718
10664
10666
10602
10670
10585
10571
10485
10501
10375
10353
10216
10229
10159
10124
10084
10067
10046
9956
9966
9921
9893
9817
9859
9840
9785
9824
9782
9773
9810
9820
9849
9881
9893
9953
9951
9978
9969
10053
10057
10023
10092
10113
10056
10089
10074
10034
10060
10107
10056
10085
10037
10099
10100
10080
10130
10124
10162
10155
10213
10188
10179
10261
10244
10286
10297
10260
10225
10273
10269
10281
10309
10340
10356
10393
10416
10441
10463
10498
10541
10552
10556
10554
10568
10576
10577
10574
10584
10602
10592
10639
10635
10648
10630
10638
10619
10634
10623
10631
10610
10578
10572
10562
10501
10487
10460
10422
10391
10369
10345
10327
10296
10263
10277
10224
10249
10228
10143
10192
10147
10161
10125
10133
10085
10088
10058
10051
10016
9991
9975
9949
9933
9913
9908
9885
9888
9889
9865
9881
9867
9892
9885
9894
9872
9855
9877
9813
9828
9778
9757
9734
9723
9703
9689
9637
9645
9619
9611
9599
9583
9554
9553
9527
9508
9463
9473
9474
9455
9454
9466
9417
9451
9419
9434
9437
9441
9393
9381
9372
9432
9410
9450
9471
9539
9508
9574
9601
9633
9638
9672
9729
9811
9874
9978
10033
10141
10180
10283
10308
10329
10385
10408
10409
10450
10454
10417
10416
10405
10372
10358
10337
10271
10236
10249
10213
10170
10156
10141
10147
10140
10136
10128
10131
10187
10171
10146
10117
10148
10086
10091
10063
10063
10103
10002
10126
10088
10019
10104
10007
10043
9957
9937
9898
9885
9819
9816
9753
9727
9641
9623
9584
9487
9410
9356
9336
9255
9134
9088
8976
8884
8818
8689
8649
8558
8508
8396
8374
8300
8245
8162
8077
8009
7913
7888
7824
7769
7696
7624
7597
7549
7523
7500
7447
7458
7394
7335
7273
7225
7206
7157
7133
7093
7100
7093
7082
7087
7077
7084
7085
7049
7057
7052
7056
7062
7040
7043
7051
7094
7089
7118
7120
7149
7158
7173
7172
7181
7199
7193
7195
7192
7173
7179
7156
7176
7188
7201
7201
7223
7225
7257
7282
7299
7349
7417
7450
7515
7584
7621
7668
7688
7710
7709
7730
7769
7815
7793
7824
7830
7833
7768
7758
7750
7719
7675
7653
7639
7587
7573
7516
7497
7498
7434
7430
7415
7417
7358
7420
7392
7411
7412
7420
7419
7494
7459
7510
7514
7520
7504
7500
7452
7471
7395
7385
7354
7375
7412
7365
7352
7368
7345
7328
7335
7342
7399
7404
7444
7500
7532
7621
7601
7678
7741
7756
7779
7855
7828
7920
7907
7979
7968
7981
8020
8002
8028
7976
7949
7908
7842
7856
7768
7732
7693
7717
7714
7757
7833
7874
7882
7953
8043
8091
8116
8133
8193
8220
8211
8281
8322
8306
8363
8403
8378
8405
8449
8432
8501
8544
8563
8540
8544
8557
8512
8585
8538
8489
8455
8469
8463
8425
8414
8371
8371
8353
8363
8396
8463
8473
8507
8547
8559
8612
8615
8633
8624
8613
8596
8651
8607
8611
8632
8617
8623
8635
8639
8680
8684
8710
8688
8724
8739
8793
8783
8784
8776
8774
8736
8750
8721
8722
8706
8727
8679
8679
8689
8712
8742
8776
8805
8831
8875
8878
8879
8838
8891
8860
8835
8790
8776
8729
8714
8632
8620
8584
8536
8557
8503
8481
8486
8495
8496
8497
8467
8484
8500
8477
8495
8499
8520
8510
8526
8559
8551
8552
8570
8582
8586
8556
8593
8586
8611
8586
8596
8575
8550
8531
8498
8464
8441
8393
8367
8363
8320
8319
8294
8325
8287
8262
8267
8265
8260
8275
8271
8267
8249
8248
8260
8258
8270
8251
8304
8301
8360
8356
8359
8394
8376
8371
8361
8327
8300
8274
8244
8241
8224
8202
8159
8103
8075
8054
8041
8067
8064
8085
8046
8087
8091
8076
8093
8064
8083
8049
8042
8025
8016
8027
8014
8028
8014
8007
8012
7983
7991
8033
8056
8095
8126
8139
8127
8175
8128
8170
8175
8202
8199
8202
8235
8214
8226
8254
8232
8225
8247
8307
8333
8363
8357
8405
8385
8374
8356
8355
8330
8325
8299
8320
8302
8307
8293
8322
8331
8346
8331
8342
8331
8369
8339
8327
8339
8274
8267
8263
8216
8208
8179
8186
8172
8153
8162
8170
8171
8141
8151
8162
8161
8171
8163
8169
8200
8193
8181
8180
8202
8197
8207
8255
8211
8242
8233
8260
8275
8277
8257
8267
8277
8276
8220
8219
8140
8158
8146
8073
8056
8012
7976
7986
7953
7911
7902
7931
7896
7944
7962
7964
7964
7954
7965
7969
7979
7993
7987
8041
8040
8060
8067
8124
8132
8194
8168
8219
8241
8236
8206
8232
8229
8209
8224
8224
8235
8255
8196
8217
8193
8218
8185
8238
8221
8272
8260
8283
8303
8335
8340
8367
8367
8394
8342
8377
8346
8329
8308
8296
8267
8275
8270
8300
8307
8324
8344
8351
8343
8374
8394
8422
8447
8472
8479
8509
8503
8530
8525
8564
8590
8591
8588
8609
8628
8649
8672
8698
8731
8759
8741
8758
8763
8771
8774
8770
8785
8764
8746
8751
8742
8775
8768
8828
8851
8858
8862
8861
8849
8797
8781
8729
8723
8690
8663
8632
8632
8654
8666
8749
8806
8840
8896
8936
8959
9027
9032
9133
9242
9227
9319
9321
9338
9359
9367
9326
9370
9345
9334
9324
9312
9319
9293
9325
9289
9332
9272
9285
9248
9257
9223
9241
9221
9235
9221
9271
9280
9311
9323
9342
9364
9408
9371
9415
9397
9390
9391
9351
9368
9336
9352
9291
9290
9265
9222
9201
9197
9245
9235
9244
9243
9282
9326
9325
9385
9400
9405
9482
9487
9447
9463
9447
9421
9462
9440
9436
9467
9421
9376
9363
9318
9298
9276
9243
9241
9179
9202
9205
9145
9231
9203
9263
9283
9326
9381
9467
9484
9579
9609
9633
9659
9725
9732
9764
9741
9790
9741
9789
9778
9783
9823
9803
9799
9779
9752
9730
9717
9640
9624
9605
9561
9514
9476
9454
9415
9391
9363
9348
9352
9340
9349
9378
9352
9333
9380
9337
9360
9353
9356
9378
9372
9418
9427
9440
9422
9446
9457
9494
9503
9548
9547
9579
9589
9638
9620
9664
9673
9754
9776
9811
9806
9848
9815
9866
9862
9918
9902
9899
9946
10019
10026
10087
10109
10145
10157
10180
10169
10164
10201
10212
10202
10241
10231
10274
10265
10211
10229
10172
10141
10146
10085
10044
10018
10016
9967
9939
9906
9875
9917
9930
9887
9946
9942
9945
9942
9990
10016
10059
10071
10097
10122
10113
10141
10135
10148
10078
10122
10074
10091
10057
10012
9958
9854
9847
9804
9774
9706
9666
9628
9594
9544
9504
9486
9395
9373
9315
9279
9309
9300
9262
9288
9287
9331
9364
9343
9341
9357
9312
9253
9266
9161
9170
9067
9099
9086
9052
9039
9072
9116
9056
9139
9121
9099
9169
9116
9179
9116
9175
9092
9114
9122
9075
9134
9081
9106
9148
9100
9085
9117
9097
9093
9096
9125
9150
9165
9179
9191
9186
9230
9220
9220
9286
9252
9261
9364
9348
9385
9389
9430
9470
9499
9536
9536
9563
9551
9569
9579
9573
9599
9592
9608
9624
9620
9629
9621
9635
9643
9650
9634
9661
9639
9622
9627
9619
9615
9608
9537
9576
9560
9533
9518
9480
9490
9451
9418
9455
9381
9428
9399
9399
9344
9343
9326
9340
9302
9336
9304
9376
9358
9379
9375
9442
9385
9440
9423
9446
9452
9484
9458
9478
9511
9527
9557
9544
9526
9552
9531
9536
9563
9557
9547
9577
9587
9606
9609
9644
9641
9642
9635
9667
9633
9631
9564
9533
9458
9428
9334
9321
9218
9226
9201
9204
9183
9170
9181
9161
9218
9259
9226
9339
9363
9395
9439
9436
9480
9447
9413
9415
9363
9343
9312
9312
9253
9292
9235
9257
9259
9293
9280
9308
9250
9295
9262
9253
9240
9241
9201
9196
9177
9180
9160
9172
9183
9219
9204
9258
9290
9310
9329
9343
9358
9357
9385
9401
9417
9456
9447
9452
9517
9514
9473
9499
9467
9483
9447
9469
9431
9424
9418
9445
9458
9511
9556
9622
9628
9643
9646
9665
9653
9672
9655
9682
9669
9684
9685
9655
9634
9607
9609
9599
9530
9557
9517
9498
9498
9455
9450
9429
9408
9437
9431
9436
9356
9351
9305
9319
9275
9270
9217
9246
9218
9200
9141
9178
9140
9115
9128
9176
9140
9120
9054
9064
9019
9032
9002
9057
9057
9104
9070
9084
9081
9106
9058
9040
8988
8974
8969
8937
8974
8942
8940
8950
8880
8899
8853
8801
8815
8789
8780
8763
8745
8766
8792
8804
8794
8863
8851
8915
8897
8947
8977
9011
9026
9045
9054
9065
9095
9093
9136
9140
9229
9271
9353
9358
9384
9334
9403
9378
9319
9338
9353
9329
9336
9340
9323
9338
9350
9369
9302
9341
9268
9291
9218
9202
9181
9220
9209
9180
9156
9171
9133
9132
9129
9145
9168
9211
9202
9267
9278
9294
9324
9329
9364
9326
9427
9443
9455
9504
9519
9561
9568
9575
9548
9586
9525
9523
9475
9458
9390
9403
9316
9322
9280
9248
9210
9201
9205
9227
9184
9207
9187
9157
9110
9097
9071
9051
9021
8984
8941
8980
8933
8908
8861
8819
8780
8768
8733
8750
8775
8763
8800
8816
8825
8869
8845
8930
8909
8910
8942
8947
8959
8944
8999
8948
9032
9001
8973
9026
9015
9042
9067
9070
9062
9046
9051
8950
8977
8930
8867
8902
8877
8898
8923
8950
8938
8992
9000
9022
9002
9051
9085
9063
9055
9086
9076
9075
9082
9090
9107
9087
9077
9067
9069
9084
9095
9095
9090
9107
9093
9074
9121
9088
9126
9136
9110
9091
9060
9046
9003
8961
8914
8831
8797
8752
8715
8685
8661
8634
8615
8607
8562
8555
8514
8517
8458
8461
8425
8402
8393
8355
8289
8254
8192
8183
8174
8129
8117
8096
8130
8129
8132
8172
8150
8175
8177
8191
8200
8220
8200
8220
8232
8264
8286
8326
8313
8335
8341
8373
8336
8336
8327
8335
8342
8317
8330
8324
8305
8342
8341
8400
8396
8398
8434
8448
8453
8471
8450
8499
8503
8492
8505
8472
8552
8545
8538
8617
8572
8622
8595
8634
8680
8682
8671
8616
8620
8580
8555
8585
8546
8597
8596
8629
8660
8707
8723
8814
8826
8865
8884
8933
8968
8986
8961
9021
8996
9044
9011
9044
8974
8926
8921
8893
8863
8885
8858
8899
8850
8846
8804
8826
8793
8777
8763
8730
8727
8685
8694
8753
8769
8800
8790
8844
8877
8868
8864
8916
8901
8910
8872
8884
8828
8855
8837
8853
8829
8856
8804
8866
8821
8836
8832
8803
8809
8784
8741
8772
8705
8698
8626
8650
8574
8557
8532
8521
8482
8500
8465
8467
8494
8534
8491
8549
8549
8577
8585
8650
8668
8680
8707
8699
8744
8726
8733
8767
8753
8766
8770
8865
8864
8891
8874
8913
8908
8921
8906
8937
8908
8941
8908
8923
8945
8953
8967
8982
9004
9014
8997
8982
8940
8909
8891
8881
8852
8843
8806
8796
8766
8782
8744
8759
8730
8762
8722
8753
8735
8742
8722
8744
8727
8780
8737
8798
8791
8828
8798
8821
8829
8880
8864
8907
8889
8923
8917
8910
8909
8882
8878
8878
8888
8891
8889
8893
8879
8889
8858
8856
8824
8811
8805
8769
8759
8716
8688
8688
8663
8623
8633
8609
8579
8552
8500
8472
8493
8469
8437
8461
8436
8466
8470
8471
8509
8488
8526
8513
8468
8517
8468
8466
8420
8436
8381
8339
8311
8291
8223
8231
8175
8196
8156
8152
8144
8157
8133
8136
8105
8110
8080
8082
8084
8094
8064
8089
8046
8050
8066
8037
8025
8042
7992
8012
7959
7942
7898
7896
7859
7839
7800
7802
7794
7768
7779
7778
7756
7798
7805
7838
7850
7892
7952
7996
8000
8092
8132
8168
8179
8235
8234
8243
8251
8260
8268
8263
8218
8245
8254
8245
8253
8264
8263
8284
8244
8274
8276
8259
8259
8294
8311
8363
8391
8458
8490
8511
8551
8556
8603
8634
8658
8698
8685
8717
8731
8758
8765
8781
8765
8772
8756
8747
8750
8754
8733
8730
8687
8687
8695
8616
8627
8622
8594
8602
8611
8625
8615
8629
8641
8654
8653
8635
8657
8614
8627
8594
8560
8506
8524
8482
8455
8419
8394
8378
8344
8310
8278
8272
8258
8231
8241
8207
8207
8180
8166
8165
8175
8168
8152
8153
8133
8109
8102
8098
8121
8089
8074
8056
8028
8054
8012
8004
7951
7910
7856
7809
7762
7740
7720
7686
7670
7633
7610
7592
7561
7528
7526
7489
7449
7413
7397
7364
7365
7365
7345
7351
7356
7329
7342
7356
7344
7335
7318
7307
7291
7288
7263
7252
7250
7246
7236
7261
7231
7246
7221
7262
7261
7284
7280
7321
7315
7282
7313
7321
7321
7332
7338
7347
7358
7377
7380
7382
7403
7419
7467
7501
7514
7508
7553
7593
7617
7661
7676
7662
7683
7688
7696
7723
7745
7786
7844
7889
7892
7944
7994
8066
8061
8168
8210
8241
8315
8321
8413
8459
8505
8552
8563
8603
8663
8658
8740
8733
8777
8797
8815
8835
8835
8891
8895
8883
8914
8932
8973
9001
8992
9014
8961
8960
8962
8961
8967
8962
9004
9012
9068
9085
9082
9115
9106
9134
9136
9129
9141
9152
9157
9148
9209
9201
9231
9260
9257
9273
9297
9296
9329
9337
9337
9347
9338
9331
9320
9355
9373
9387
9397
9415
9384
9415
9377
9396
9357
9358
9344
9334
9317
9316
9330
9335
9352
9382
9398
9409
9411
9409
9425
9439
9410
9447
9430
9402
9404
9400
9357
9365
9320
9337
9323
9338
9310
9353
9372
9361
9363
9399
9383
9437
9416
9389
9439
9389
9365
9395
9353
9406
9382
9365
9362
9347
9280
9289
9254
9254
9221
9182
9196
9183
9152
9152
9145
9102
9064
9062
9060
9035
9045
9059
9040
9012
9015
9046
9059
9044
9044
9056
9084
9075
9096
9092
9108
9081
9037
9033
9030
9066
9078
9118
9127
9145
9199
9229
9224
9245
9237
9221
9262
9264
9263
9297
9252
9307
9259
9275
9231
9182
9201
9206
9159
9141
9074
9116
9082
9069
9018
9008
8956
8950
8915
8909
8906
8917
8914
8895
8883
8854
8789
8815
8871
8901
8899
8937
8947
8955
8983
9018
9037
9001
9017
8991
8986
8968
8928
8932
8947
8947
8932
8956
8924
8923
8877
8919
8921
8920
8962
8956
8961
8998
8956
9002
8978
9021
8967
9044
9011
8972
9002
9025
9029
9033
8981
8985
8982
9006
9001
9089
9113
9152
9184
9245
9229
9274
9272
9335
9341
9361
9357
9391
9406
9420
9443
9444
9445
9451
9435
9435
9416
9423
9402
9375
9336
9316
9276
9236
9190
9132
9107
9080
9034
9036
9016
9012
8973
8967
8912
8901
8905
8935
8939
8945
8949
8997
8972
8957
8976
8921
8955
8918
8900
8840
8897
8867
8818
8818
8777
8785
8739
8699
8711
8684
8655
8651
8627
8621
8604
8601
8617
8617
8615
8657
8684
8727
8743
8786
8797
8837
8845
8814
8812
8758
8733
8744
8702
8665
8647
8667
8616
8619
8638
8676
8687
8650
8686
8724
8684
8686
8725
8740
8737
8787
8780
8859
8888
8906
8907
8967
8964
8966
8991
9033
9011
9073
9078
9102
9125
9142
9103
9097
9057
9065
9056
9039
9007
8983
8937
8921
8900
8912
8866
8874
8826
8794
8755
8787
8782
8800
8781
8813
8807
8813
8791
8822
8782
8825
8762
8809
8796
8755
8801
8774
8778
8775
8805
8820
8835
8855
8853
8845
8828
8867
8868
8872
8851
8881
8918
8935
8941
8946
8942
8907
8852
8880
8854
8860
8829
8792
8747
8743
8700
8726
8688
8720
8698
8698
8649
8680
8676
8652
8683
8661
8684
8671
8669
8712
8691
8711
8709
8752
8779
8799
8766
8772
8774
8755
8745
8766
8741
8743
8727
8713
8689
8657
8629
8620
8582
8580
8527
8548
8467
8487
8432
8439
8397
8391
8359
8342
8331
8309
8296
8275
8285
8283
8272
8323
8288
8320
8310
8298
8308
8263
8274
8266
8279
8290
8273
8294
8264
8264
8245
8257
8241
8215
8264
8260
8262
8275
8276
8299
8308
8305
8321
8309
8295
8296
8300
8307
8292
8307
8292
8298
8269
8295
8224
8274
8236
8214
8194
8202
8225
8233
8212
8217
8182
8164
8133
8103
8064
8064
8070
8039
8003
8029
8034
8036
8046
8089
8125
8088
8156
8195
8216
8238
8206
8232
8183
8228
8194
8246
8209
8280
8277
8307
8313
8299
8322
8311
8339
8361
8373
8369
8388
8425
8420
8443
8434
8411
8390
8391
8396
8375
8375
8387
8404
8400
8397
8378
8379
8373
8382
8390
8363
8362
8322
8337
8322
8342
8309
8331
8327
8307
8322
8328
8337
8365
8339
8349
8339
8341
8322
8298
8298
8331
8293
8307
8298
8316
8308
8310
8288
8267
8235
8223
8195
8181
8147
8163
8146
8113
8092
8095
8078
8088
8071
8031
8007
7960
8001
7979
7937
7998
8003
7963
8010
8017
8015
8034
8122
8122
8149
8149
8187
8238
8215
8276
8286
8275
8303
8338
8339
8368
8371
8412
8420
8418
8395
8401
8382
8381
8342
8326
8292
8293
8279
8290
8319
8343
8342
8400
8395
8474
8457
8480
8484
8499
8482
8415
8389
8363
8293
8293
8224
8188
8178
8167
8147
8182
8172
8179
8175
8192
8160
8190
8199
8203
8155
8212
8189
8178
8168
8172
8204
8238
8235
8283
8280
8286
8286
8319
8290
8322
8292
8311
8296
8293
8303
8269
8270
8245
8195
8200
8136
8121
8106
8106
8058
8086
8063
8073
8093
8105
8103
8096
8085
8083
8058
8033
8033
8050
8021
7991
8013
7972
8020
8018
8016
8049
8027
8068
8074
8116
8088
8137
8123
8134
8135
8164
8189
8165
8123
8089
8057
8031
7956
7980
7942
7914
7885
7887
