5837
5616
5532
5479
5471
5469
5487
5490
5543
5594
5616
5563
5568
5565
5588
5563
5623
5623
5635
5619
5645
5607
5595
5507
5435
5411
5422
5402
5383
5376
5383
5354
5433
5403
5355
5316
5318
5259
5175
5095
5006
4934
4868
4876
4732
4777
4633
4730
4661
4677
4590
4593
4522
4398
4379
4217
4271
4241
4104
4155
4147
4224
4270
4261
4226
4272
4297
4304
4360
4446
4514
4510
4596
4609
4666
4675
4787
4764
4795
4803
4830
4864
4859
4836
4871
4955
4973
4974
4958
4981
5003
5063
5075
5092
5003
5124
5053
4938
5022
4936
5006
5031
5011
5039
5080
5093
5103
5094
5148
5189
5187
5184
5237
5313
5356
5358
5354
5374
5437
5464
5456
5455
5454
5461
5481
5473
5441
5444
5414
5448
5469
5407
5478
5537
5514
5545
5546
5566
5592
5583
5571
5477
5440
5295
5307
5342
5337
5310
5298
5312
5332
5259
5250
5067
5051
4830
4847
4890
4777
4659
4607
4570
4652
4524
4663
4665
4737
4758
4872
4956
4839
4929
5044
4882
5001
4952
4924
4955
4834
4944
4936
4846
4896
4862
4813
4710
4556
4607
4472
4474
4343
4296
4032
3920
3825
3627
3554
3294
3261
3210
3072
3080
2814
2816
2893
2828
2883
2724
2865
2964
3018
2978
3074
3017
3279
3204
3277
3288
3352
3195
3392
3250
3298
3075
3240
3127
3185
3159
3267
3266
3224
3209
3178
3209
3316
3198
3265
3292
3342
3300
3320
3269
3224
3136
3197
3128
3214
3183
3259
3137
3156
3187
3143
3183
3112
3166
3140
3188
3201
3189
3189
3216
3253
3344
3335
3294
3383
3379
3419
3456
3565
3588
3565
3495
3486
3572
3543
3600
3606
3648
3733
3708
3738
3731
3709
3717
3762
3690
3760
3747
3763
3738
3748
3714
3666
3635
3505
3445
3434
3412
3417
3413
3384
3343
3358
3366
3437
3405
3524
3552
3521
3621
3506
3609
3623
3701
3696
3756
3683
3795
3792
3819
3856
3881
3858
3894
3976
3985
4007
3992
3990
4014
4021
3978
4012
4015
3934
3954
3969
3962
3905
3894
3946
3789
3872
3842
3731
3783
3860
3812
3872
3809
3969
3877
3991
3992
4091
3983
4070
4063
4055
4086
4222
4285
4336
4308
4380
4441
4429
4457
4462
4456
4523
4561
4618
4656
4712
4733
4778
4794
4810
4838
4850
4889
4906
4913
4930
4944
4936
4957
4966
4956
4979
4985
5014
4992
5034
5014
5072
5076
5084
5028
5043
5012
5059
5070
5127
5089
5147
5188
5202
5261
5264
5256
5296
5399
5454
5502
5575
5541
5600
5575
5624
5600
5651
5649
5714
5731
5734
5741
5776
5848
5825
5855
5853
5821
5802
5789
5816
5811
5836
5860
5919
5938
5916
5921
5861
5861
5889
5854
5882
5835
5855
5808
5813
5764
5746
5685
5662
5716
5702
5720
5743
5717
5724
5696
5756
5729
5729
5737
5801
5830
5756
5737
5739
5742
5721
5702
5709
5696
5649
5619
5640
5608
5609
5554
5546
5533
5515
5501
5516
5453
5408
5354
5295
5253
5148
5090
5033
4976
4919
4960
4797
4713
4636
4534
4460
4328
4336
4241
4312
4152
4206
4404
4373
4350
4458
4330
4364
4524
4563
4704
4682
4669
4775
4838
4833
4851
4882
4918
4818
4916
4746
4870
4892
4843
4895
4829
4816
4704
4670
4711
4542
4635
4524
4486
4456
4334
4438
4386
4321
4093
4083
3956
4212
4005
4159
4115
4009
4343
4272
4311
4480
4364
4564
4421
4583
4547
4644
4685
4718
4744
4834
4874
4927
4950
5014
4996
4974
5031
5016
5097
5028
5045
5120
5116
5103
5054
5052
4979
4985
4922
4987
4941
4868
4864
4791
4772
4735
4723
4633
4771
4673
4655
4714
4698
4615
4587
4564
4595
4569
4561
4631
4645
4649
4617
4562
4645
4648
4581
4633
4658
4663
4669
4708
4700
4678
4612
4588
4554
4611
4559
4579
4617
4594
4501
4489
4471
4478
4408
4347
4349
4243
4254
4208
4062
4038
3857
3830
3789
3743
3600
3651
3629
3711
3610
3751
3601
3603
3545
3382
3559
3509
3569
3515
3565
3427
3498
3627
3623
3728
3621
3739
3834
3791
3806
3868
3916
3961
3963
3987
3943
4010
3948
4012
3974
3991
3909
4005
3907
3914
3900
3885
3810
3791
3741
3770
3674
3742
3696
3705
3667
3646
3659
3654
3620
3532
3610
3579
3656
3688
3691
3735
3806
3876
3938
3948
4101
4139
4162
4247
4328
4369
4360
4380
4430
4447
4473
4502
4510
4518
4529
4539
4553
4527
4571
4502
4562
4565
4533
4509
4479
4486
4397
4423
4386
4373
4333
4343
4220
4213
4229
4214
4181
4249
4285
4306
4376
4443
4596
4580
4618
4692
4654
4733
4682
4776
4787
4882
4859
5003
4962
4975
4939
5013
4972
5079
5026
5046
5156
5031
5124
5063
5155
5126
5122
5150
5130
5192
5170
5215
5228
5212
5200
5176
5153
5153
5133
5077
5118
5060
5052
4996
4985
4937
4942
4922
4913
4885
4799
4783
4693
4653
4608
4621
4651
4650
4624
4656
4637
4635
4640
4701
4700
4716
4741
4771
4750
4741
4646
4619
4610
4562
4504
4448
4368
4367
4308
4277
4213
4173
4131
4096
4045
4004
3990
3923
3886
3837
3855
3787
3715
3747
3736
3627
3698
3642
3658
3593
3661
3582
3698
3717
3727
3749
3698
3759
3737
3761
3728
3760
3746
3751
3719
3793
3771
3783
3790
3865
3874
3876
3850
3856
3893
3877
3848
3823
3820
3810
3809
3857
3849
3823
3845
3875
3881
3882
3902
3884
3858
3849
3840
3836
3818
3828
3854
3852
3806
3832
3884
3864
3927
3925
3967
3940
4029
3992
4029
4016
4041
4046
4048
4067
4113
4124
4137
4155
4173
4126
4148
4112
4132
4078
4115
4109
4108
4109
4061
4106
4130
4127
4063
4069
4005
3948
3920
3903
3852
3827
3888
3899
3892
3850
3901
3851
3838
3826
3827
3851
3918
3910
3892
3925
3929
3974
3951
4015
3972
3970
3973
4020
4042
4079
4084
4106
4122
4134
4160
4203
4209
4233
4227
4261
4270
4284
4278
4270
4301
4270
4315
4285
4286
4260
4267
4209
4236
4195
4219
4099
4131
4111
4021
4064
4054
4040
4029
4005
4020
4010
4055
4016
4013
4052
4083
4056
4044
4037
4056
4114
4126
4184
4190
4225
4232
4243
4254
4234
4228
4227
4236
4288
4231
4283
4302
4324
4315
4350
4340
4352
4377
4406
4398
4382
4381
4415
4388
4407
4365
4346
4311
4296
4286
4240
4314
4315
4255
4277
4241
4249
4163
4132
4225
4117
4125
4183
4123
4221
4281
4200
4213
4294
4202
4301
4320
4328
4280
4290
4260
4299
4281
4228
4218
4127
4128
4133
4127
4075
4053
4062
4003
4003
3982
4009
4027
3947
4002
3956
3892
3970
3972
3873
3990
3998
3956
4007
4014
3960
3949
3948
3970
4007
4021
4062
4139
4167
4149
4239
4322
4328
4393
4424
4433
4512
4517
4581
4600
4678
4672
4703
4754
4816
4822
4860
4851
4884
4860
4892
4879
4929
4921
4924
4929
4868
4865
4866
4872
4860
4835
4836
4770
4751
4712
4685
4620
4688
4689
4669
4730
4741
4733
4678
4778
4786
4773
4782
4772
4788
4803
4745
4809
4704
4784
4758
4685
4695
4607
4624
4639
4643
4581
4583
4611
4622
4542
4476
4491
4394
4392
4369
4300
4344
4251
4179
4196
4149
4039
3961
3939
3905
3922
3866
3848
3802
3746
3627
3571
3670
3421
3480
3511
3487
3437
3493
3523
3515
3477
3503
3612
3543
3626
3615
3697
3659
3745
3752
3767
3799
3812
3853
3832
3879
3864
3887
3880
3961
3931
3947
3992
4004
4019
4028
3998
3988
4003
4014
4011
4035
4040
4097
4062
4123
4111
4182
4156
4177
4239
4313
4332
4428
4468
4522
4567
4575
4644
4670
4695
4734
4694
4715
4801
4833
4859
4892
4879
4923
4926
4963
4971
4986
5020
5028
5039
5061
5038
5052
5025
4979
4982
4917
4911
4865
4865
4800
4727
4734
4634
4617
4552
4593
4500
4483
4424
4470
4502
4545
4532
4546
4542
4499
4485
4337
4422
4564
4404
4492
4471
4522
4516
4627
4714
4762
4680
4800
4737
4872
4883
4938
4954
4938
4921
5034
4936
4995
4925
5014
4944
4935
4873
4843
4850
4848
4860
4795
4813
4769
4702
4713
4677
4625
4662
4581
4477
4535
4449
4397
4466
4401
4465
4424
4523
4527
4523
4559
4578
4570
4533
4592
4633
4576
4621
4686
4685
4709
4705
4730
4694
4702
4732
4783
4824
4850
4842
4873
4827
4830
4805
4829
4780
4775
4786
4845
4861
4917
4887
4923
4876
4920
4882
4869
4793
4833
4682
4738
4702
4674
4659
4653
4658
4599
4608
4600
4569
4572
4581
4641
4635
4657
4632
4668
4710
4717
4712
4690
4698
4697
4695
4741
4729
4744
4707
4753
4757
4720
4792
4798
4817
4834
4828
4804
4793
4764
4730
4695
4603
4585
4550
4543
4577
4547
4518
4506
4512
4528
4493
4535
4547
4597
4580
4579
4481
4467
4402
4425
4420
4482
4468
4433
4493
4478
4435
4518
4462
4508
4421
4467
4469
4530
4576
4502
4531
4548
4414
4469
4475
4443
4445
4467
4438
4468
4414
4440
4390
4369
4263
4351
4290
4290
4256
4221
3951
4065
3988
4000
4010
4072
4017
4008
3977
4051
4087
4080
4057
4107
4180
4167
4168
4213
4270
4310
4328
4450
4478
4455
4473
4528
4480
4554
4589
4636
4624
4633
4626
4624
4608
4610
4650
4636
4609
4645
4614
4650
4690
4720
4742
4714
4746
4648
4674
4628
4609
4678
4681
4660
4680
4644
4653
4643
4623
4528
4423
4417
4443
4501
4496
4590
4627
4667
4596
4624
4705
4761
4843
4860
4944
5014
5034
5103
5104
5126
5171
5133
5207
5197
5197
5210
5196
5118
5157
5071
5125
5048
5124
5082
5038
5060
5067
5109
5067
5081
5057
5089
5033
5094
5024
5090
5161
5181
5233
5285
5361
5402
5417
5457
5445
5484
5442
5507
5553
5544
5548
5576
5568
5615
5591
5579
5539
5551
5518
5511
5489
5485
5441
5476
5504
5463
5437
5456
5378
5394
5281
5304
5236
5323
5335
5264
5214
5158
5057
5089
4987
4973
4876
4915
4720
4827
4820
4683
4801
4693
4657
4684
4599
4612
4578
4621
4648
4696
4638
4672
4605
4702
4683
4830
4770
4762
4862
4855
4849
4855
4836
4847
4867
4869
4861
4891
4883
4835
4855
4798
4816
4769
4725
4698
4665
4622
4576
4586
4567
4550
4502
4519
4517
4496
4545
4522
4492
4526
4506
4522
4510
4511
4554
4563
4646
4678
4682
4680
4718
4764
4795
4811
4809
4825
4822
4861
4852
4873
4819
4856
4840
4870
4846
4881
4870
4891
4876
4882
4878
4893
4891
4893
4887
4853
4804
4868
4815
4812
4752
4768
4697
4727
4606
4599
4527
4527
4477
4456
4335
4404
4425
4217
4262
4357
4297
4361
4355
4306
4337
4339
4365
4359
4456
4384
4452
4496
4528
4588
4617
4620
4700
4733
4723
4735
4744
4641
4683
4614
4622
4599
4559
4501
4403
4381
4332
4307
4241
4219
4186
4073
4027
4027
3980
3969
3906
3821
3919
3795
3760
3886
3706
3754
3824
3713
3776
3845
3930
3985
4048
4043
4103
4116
4050
4119
4090
4152
4252
4235
4285
4258
4254
4209
4287
4233
4280
4130
4254
4241
4180
4204
4057
4111
4044
4102
3992
4006
3885
4018
3931
3933
3960
3857
3858
3837
3776
3776
3755
3702
3737
3819
3893
3964
3891
3907
3916
3874
3746
3735
3880
3813
3849
3843
3957
4101
4004
4059
4178
4041
4115
4269
4083
4216
4239
4141
4211
4164
4147
4000
4146
4128
4021
3982
4023
3848
3930
3596
3644
3626
3434
3473
3438
3329
3352
3269
3085
3009
2929
2966
2809
2931
2907
3054
2976
3029
2937
3122
3289
3402
3373
3582
3737
3765
3907
3983
4052
4098
4069
4135
4158
4199
4250
4257
4174
4283
4194
4358
4335
4275
4287
4357
4254
4236
4141
4069
4005
3900
3810
3830
3857
3903
3654
3687
3459
3682
3684
3651
3731
3634
3846
3698
3787
3819
3883
3976
3996
4029
3963
4188
4081
4155
4146
4324
4328
4450
4388
4516
4535
4637
4630
4802
4829
4907
4926
4995
5008
4943
4933
4995
4982
5023
5070
5063
5150
5152
5122
5081
5070
5020
5004
4944
4786
4759
4719
4636
4642
4716
4723
4746
4708
4795
4837
4821
4817
4862
4826
4915
4947
4917
4914
4984
4998
5110
5095
5101
5101
5133
5132
5158
5139
5196
5233
5227
5349
5326
5350
5445
5465
5437
5526
5513
5424
5450
5470
5422
5426
5377
5378
5273
5283
5192
5293
5291
5265
5325
5229
5342
5351
5268
5279
5259
5165
5241
5075
5161
5168
5109
5154
5136
5198
5214
5248
5279
5253
5308
5290
5296
5237
5164
5157
5093
5171
5080
5057
5023
4916
4778
4755
4718
4611
4616
4714
4512
4525
4523
4312
4321
4294
4252
4081
4131
3994
3948
3907
3791
3770
3713
3567
3571
3486
3630
3456
3591
3581
3663
3656
3646
3479
3571
3702
3680
3788
3840
3980
3886
3994
4066
4135
4187
4171
4188
4284
4192
4343
4337
4374
4386
4367
4437
4462
4462
4374
4359
4334
4197
4201
4292
4176
4190
4132
4189
4189
4196
4078
4087
4132
4094
4046
4104
4025
4018
3763
3889
3875
3656
3723
3653
3683
3687
3691
3778
3822
3713
3876
3921
3959
4135
4039
4189
4176
4131
4180
4154
4249
4187
4132
4168
4122
4127
4074
4139
4202
4180
4040
4146
3980
3992
3882
3842
3741
3764
3666
3781
3627
3664
3586
3473
3562
3382
3525
3533
3496
3475
3508
3436
3618
3607
3744
3813
3928
3872
3973
4150
4141
4227
4214
4301
4353
4415
4449
4472
4541
4536
4574
4582
4603
4601
4554
4528
4533
4559
4572
4603
4603
4566
4630
4624
4660
4703
4759
4712
4738
4673
4706
4673
4639
4595
4625
4636
4543
4567
4559
4650
4658
4767
4756
4817
4825
4963
4958
5010
4961
5030
5045
5081
5113
5132
5169
5218
5149
5213
5221
5227
5235
5220
5223
5212
5168
5171
5218
5223
5178
5205
5196
5128
5134
5018
5102
5090
5084
5025
5093
5003
4987
4999
5128
4986
5136
5035
4958
4901
4962
4961
5030
5098
5071
5142
5187
5209
5276
5219
5304
5311
5257
5300
5287
5310
5367
5447
5526
5581
5547
5580
5574
5562
5606
5605
5641
5651
5672
5641
5774
5682
5712
5675
5642
5560
5556
5367
5480
5470
5341
5370
5274
5309
5220
5236
5303
5150
5253
5342
5160
5226
5278
5371
5430
5366
5427
5430
5416
5422
5338
5385
5432
5433
5493
5456
5593
5614
5584
5665
5723
5695
5626
5667
5641
5683
5613
5679
5578
5504
5531
5389
5401
5371
5276
5291
5258
5307
5260
5223
5209
5112
5183
5205
5107
5100
5040
5079
5037
5222
5198
5149
5184
5206
5078
5198
5134
5255
5227
5217
5259
5235
5344
5315
5419
5429
5389
5522
5536
5400
5478
5524
5482
5517
5460
5440
5425
5469
5406
5440
5375
5356
5296
5335
5237
5249
5172
5145
5078
5040
4985
4945
4976
4888
4952
4899
4836
4793
4691
4780
4629
4633
4646
4638
4705
4736
4641
4746
4801
4872
4868
5048
5017
5149
5149
5359
5385
5445
5391
5454
5473
5535
5496
5670
5654
5589
5758
5716
5603
5641
5595
5666
5672
5709
5619
5608
5603
5601
5630
5636
5555
5592
5561
5561
5553
5573
5622
5603
5540
5505
5439
5396
5365
5426
5450
5436
5558
5425
5430
5414
5392
5438
5501
5427
5479
5617
5493
5568
5492
5529
5459
5508
5425
5612
5576
5493
5556
5412
5564
5475
5419
5454
5313
5451
5477
5225
5390
5358
5243
5352
5195
5263
5196
5233
5266
5241
5314
5232
5344
5363
5325
5409
5415
5505
5456
5590
5645
5693
5688
5746
5745
5795
5816
5821
5838
5832
5889
5950
5964
5961
5957
5951
5946
5936
5902
5955
5953
5968
5980
6017
6014
6036
5979
5978
5949
5985
5970
5953
5973
5922
5899
5907
5864
5881
5801
5862
5823
5794
5766
5783
5743
5804
5799
5758
5808
5816
5805
5772
5807
5826
5872
5896
5888
5859
5804
5829
5824
5840
5828
5811
5829
5779
5819
5844
5855
5869
5864
5857
5825
5839
5779
5780
5690
5641
5594
5591
5556
5505
5498
5428
5375
5314
5327
5262
5203
5145
5107
4992
5034
5024
4909
4873
4863
4838
4730
4768
4838
4877
4863
4945
5000
5038
5012
5149
5134
5149
5149
5182
5188
5159
5276
5282
5375
5239
5303
5298
5290
5367
5291
5308
5239
5256
5172
5196
5154
5054
5079
5032
5074
5102
5017
5007
5006
4864
4989
4877
4922
4923
4897
4878
4934
4982
4997
4944
4987
4874
4990
5010
5123
5094
5196
5135
5223
5229
5240
5258
5215
5267
5337
5357
5387
5381
5334
5333
5302
5321
5261
5286
5201
5218
5198
5184
5146
5123
5071
5066
5019
4944
4887
4803
4774
4726
4724
4662
4582
4539
4450
4424
4352
4364
4384
4444
4438
4459
4531
4480
4542
4667
4601
4699
4714
4674
4747
4733
4770
4646
4813
4845
4825
4894
4868
4931
4928
4911
4847
4848
4913
4894
4936
4875
4874
4816
4817
4772
4769
4794
4773
4759
4721
4730
4601
4537
4515
4471
4449
4447
4349
4387
4345
4366
4323
4429
4427
4474
4371
4568
4508
4430
4545
4612
4493
4650
4678
4649
4783
4712
4829
4817
4925
4920
4934
4913
4961
4967
4966
4980
5024
5040
5045
5000
5049
5033
5049
5066
5142
5146
5094
5141
5083
5172
5125
5152
5148
5186
5136
5071
5038
5039
4969
4950
4866
4828
4842
4908
4860
5022
5048
5116
5093
5154
5116
5255
5428
5333
5476
5532
5455
5490
5498
5518
5508
5509
5561
5479
5570
5599
5504
5520
5482
5530
5471
5558
5574
5489
5564
5520
5480
5476
5358
5401
5280
5278
5189
5195
5247
5302
5292
5328
5311
5311
5364
5306
5388
5313
5425
5468
5565
5610
5626
5660
5653
5610
5595
5586
5640
5652
5722
5755
5760
5730
5738
5759
5745
5761
5770
5758
5689
5718
5696
5784
5746
5698
5643
5625
5550
5550
5510
5530
5541
5517
5578
5556
5573
5508
5396
5458
5396
5328
5426
5450
5388
5448
5389
5461
5411
5383
5372
5381
5381
5423
5419
5454
5521
5520
5523
5492
5503
5525
5467
5546
5524
5578
5554
5575
5633
5658
5711
5610
5598
5484
5538
5502
5548
5499
5565
5523
5430
5485
5417
5430
5211
5231
5220
5064
5055
5035
4891
4793
4619
4600
4481
4498
4397
4527
4583
4564
4529
4654
4549
4550
4503
4571
4621
4601
4610
4707
4661
4751
4729
4855
4788
4843
4730
4815
4766
4758
4683
4680
4726
4581
4626
4692
4546
4594
4474
4491
4356
4406
4348
4263
4290
4108
4167
3998
3774
4004
3848
3883
4031
4010
4032
4012
4045
3936
3901
3966
4125
4182
4255
4463
4436
4544
4471
4600
4643
4656
4752
4748
4939
4804
4955
4964
5026
5152
5131
5201
5220
5171
5180
5209
5215
5253
5295
5356
5251
5279
5203
5150
5161
4995
5141
5070
5011
5117
5036
5037
4974
4860
4897
4942
4896
4904
4985
5078
5022
5167
5166
5193
5251
5281
5349
5324
5359
5415
5469
5603
5621
5605
5625
5663
5646
5689
5680
5715
5664
5693
5695
5700
5684
5680
5664
5692
5716
5740
5715
5633
5573
5471
5470
5470
5388
5328
5248
5286
5267
5211
5174
5118
5030
5067
4994
4961
4987
4906
4947
5035
4920
5044
5064
4927
5067
5036
5075
5000
5146
5094
5087
5112
5194
5150
5216
5209
5235
5273
5232
5255
5168
5210
5152
5221
5160
5185
5267
5258
5286
5145
5233
5211
5203
5146
5173
5036
5170
5097
5076
4981
5030
5038
5051
5137
5134
5105
5140
5118
5108
5158
5162
5250
5217
5285
5280
5424
5363
5411
5407
5452
5471
5425
5464
5478
5451
5436
5457
5481
5481
5437
5425
5400
5350
5329
5277
5233
5185
5164
5107
5154
5089
5086
5063
5067
4981
5000
4985
4931
4933
4906
4884
4809
4799
4791
4773
4732
4678
4697
4623
4674
4552
4755
4749
4764
4766
4842
4832
4857
4906
4952
4900
4896
4857
4898
4875
4849
4898
4868
4911
4870
4870
4870
4872
4900
4899
4945
4914
4939
4867
4831
4803
4833
4785
4804
4777
4844
4854
4872
4809
4792
4793
4849
4850
4884
4814
4913
4963
4972
4972
4975
4942
4992
5001
5017
5127
5064
5128
5163
5149
5264
5364
5410
5436
5472
5456
5453
5416
5382
5334
5375
5310
5250
5184
5135
5136
5066
5056
5081
4991
5023
4935
4992
4865
4918
4838
4825
4691
4694
4667
4591
4630
4662
4618
4664
4684
4748
4554
4720
4542
4654
4767
4677
4802
4780
4808
4811
4962
4801
4988
5088
5059
5186
5193
5199
5302
5288
5245
5229
5247
5353
5344
5424
5373
5429
5360
5366
5301
5445
5194
5348
5262
5307
5309
5336
5139
5280
5178
5206
5091
5249
5142
5229
5170
5283
5228
5282
5268
5361
5352
5361
5431
5469
5453
5505
5450
5388
5383
5448
5543
5554
5611
5577
5575
5534
5503
5560
5550
5540
5534
5570
5580
5588
5604
5566
5544
5592
5515
5570
5468
5533
5552
5488
5448
5350
5274
5238
5246
5140
5232
5193
5131
5209
5119
5188
5147
5232
5216
5253
5298
5201
5255
5250
5295
5384
5410
5528
5557
5504
5570
5679
5735
5693
5797
5770
5818
5746
5723
5737
5721
5806
5751
5775
5739
5649
5653
5588
5571
5636
5580
5527
5570
5499
5473
5402
5401
5386
5390
5395
5322
5309
5290
5317
5365
5338
5326
5351
5340
5405
5462
5483
5471
5491
5560
5583
5572
5555
5543
5617
5575
5608
5615
5602
5606
5634
5639
5626
5630
5602
5636
5663
5608
5570
5507
5556
5553
5544
5446
5423
5394
5402
5394
5350
5349
5285
5310
5255
5217
5238
5219
5181
5170
5168
5176
5157
5208
5218
5233
5232
5187
5209
5181
5235
5182
5237
5238
5225
5321
5331
5340
5389
5408
5423
5446
5477
5504
5562
5606
5646
5668
5685
5714
5714
5646
5690
5723
5723
5681
5677
5646
5659
5595
5618
5567
5598
5548
5583
5550
5513
5485
5511
5437
5425
5379
5376
5357
5352
5328
5337
5268
5270
5240
5284
5272
5222
5188
5186
5213
5266
5265
5274
5318
5266
5335
5391
5295
5361
5353
5394
5349
5397
5374
5306
5323
5304
5245
5276
5207
5192
5144
5138
5118
5051
5061
5038
5051
5007
4975
4918
5000
4939
4983
4990
4960
5011
4983
5003
4988
4986
5005
5057
5073
5196
5229
5368
5413
5393
5479
5470
5511
5485
5544
5570
5571
5608
5592
5637
5631
5682
5714
5693
5675
5692
5697
5709
5729
5717
5708
5698
5676
5721
5722
5713
5766
5756
5779
5701
5760
5743
5652
5709
5706
5691
5696
5642
5676
5638
5616
5579
5564
5533
5514
5587
5627
5579
5596
5629
5620
5615
5624
5617
5675
5637
5635
5633
5693
5609
5729
5695
5723
5741
5643
5726
5690
5653
5683
5591
5677
5601
5596
5554
5583
5566
5548
5510
5486
5419
5344
5362
5334
5275
5292
5298
5326
5329
5296
5160
5199
5259
5213
5177
5214
5133
5228
5214
5189
5174
5277
5338
5317
5481
5472
5544
5463
5536
5497
5555
5452
5485
5488
5469
5481
5363
5485
5458
5433
5489
5406
5418
5306
5436
5399
5273
5292
5273
5080
5170
5133
4975
5107
5110
4888
4962
4960
4869
4990
5063
4863
4990
4857
4983
4973
4856
4984
4956
5034
5045
5042
5095
5088
5032
4986
4998
4996
4966
5015
5069
5014
5012
4958
4919
4891
4851
4797
4762
4780
4723
4711
4668
4677
4591
4532
4494
4451
4400
4316
4291
4288
4323
4138
4128
4200
4091
4104
4252
4150
4083
4104
4162
4137
4115
4078
4089
4070
3994
4079
4079
4152
4103
4139
4215
4201
4200
4226
4181
4261
4259
4275
4309
4309
4241
4345
4298
4340
4358
4342
4368
4403
4423
4417
4428
4474
4462
4444
4417
4409
4368
4369
4321
4296
4335
4293
4263
4215
4088
4108
4219
4251
4294
4327
4455
4593
4670
4708
4725
4779
4808
4738
4790
4809
4878
4914
5038
5097
5135
5171
5186
5170
5199
5189
5255
5204
5241
5218
5193
5230
5196
5232
5212
5190
5192
5157
5157
5162
5086
5077
5011
4992
5010
4969
4995
4942
4938
4904
4846
4856
4805
4812
4908
4777
4837
4844
4817
4869
4760
4774
4822
4701
4718
4563
4605
4632
4606
4636
4638
4661
4645
4704
4721
4769
4805
4776
4749
4813
4760
4800
4647
4763
4652
4552
4541
4435
4477
4455
4383
4435
4283
4288
4209
4205
4202
4218
4167
4136
4093
4104
4193
4193
4247
4340
4321
4410
4506
4463
4488
4490
4638
4682
4800
4902
4906
4924
4889
4874
4934
4998
5027
5028
5081
5068
5059
5085
5095
5091
5112
5091
5083
5117
5076
5101
5002
4956
4954
4734
4804
4775
4641
4664
4650
4602
4546
4505
4467
4399
4272
4263
4306
4085
4144
4161
4026
4213
4175
4104
4300
4313
4345
4315
4285
4356
4313
4371
4321
4401
4354
4300
4337
4272
4293
4255
4290
4238
4223
4179
4182
4159
4172
4168
4146
4130
4089
4050
4073
4060
4043
4065
4058
4055
4023
4015
4033
4031
3998
4073
3978
3995
3966
3929
3963
4023
4050
4059
4094
4107
4165
4174
4196
4256
4310
4355
4376
4442
4425
4459
4473
4501
4520
4525
4572
4607
4596
4617
4652
4625
4664
4644
4681
4676
4665
4635
4665
4641
4634
4639
4692
4646
4654
4590
4571
4577
4590
4546
4539
4509
4565
4527
4578
4555
4608
4550
4590
4661
4686
4678
4627
4677
4736
4729
4753
4785
4780
4804
4891
4837
4912
4959
4992
5040
5004
5029
5069
5046
5058
5056
5064
5127
5118
5107
5107
5059
5057
5019
5060
4950
5031
4951
5039
5015
5060
4982
5041
5059
4961
5019
4990
5024
5047
5001
5112
5108
5173
5153
5245
5247
5263
5270
5303
5360
5333
5416
5488
5527
5506
5495
5558
5586
5582
5608
5600
5631
5637
5595
5569
5560
5604
5617
5596
5546
5490
5535
5535
5519
5475
5379
5342
5256
5226
5293
5178
5180
5190
5161
5091
5038
5016
5076
4983
5017
4888
4967
4904
4876
4866
4837
4843
4702
4728
4727
4704
4717
4679
4661
4622
4669
4634
4619
4601
4574
4559
4604
4545
4432
4518
4448
4415
4371
4418
4341
4241
4236
4137
4123
3924
3944
3769
3764
3636
3536
3430
3274
3156
3122
2983
2985
2838
2742
2767
2552
2649
2810
2679
2799
2630
2790
2592
2659
2911
2607
3074
2890
3242
3252
3493
3582
3541
3650
3619
3730
3636
3719
3678
3835
3819
4000
4046
4027
3922
3979
3705
3903
3770
3730
3747
3657
3663
3588
3584
3470
3524
3366
3492
3346
3447
3304
3336
3211
3326
3539
3491
3798
3764
3811
3874
3873
3968
3977
4124
4201
4260
4210
4374
4439
4549
4529
4647
4728
4559
4739
4797
4727
4756
4688
4743
4803
4711
4730
4681
4608
4595
4467
4472
4388
4358
4302
4120
4100
4037
4068
4008
4082
3958
3979
3934
3957
3935
3946
3982
4028
4001
4050
4031
4013
4027
4020
4014
4109
4097
4111
4189
4188
4186
4158
4194
4169
4245
4235
4259
4305
4272
4296
4280
4329
4385
4346
4362
4395
4312
4386
4326
4312
4292
4216
4231
4210
4062
4093
3967
3980
3914
3910
3919
3862
3793
3798
3743
3666
3628
3553
3623
3714
3611
3616
3743
3636
3661
3770
3816
3797
3876
3843
3980
3995
4011
4043
4077
4093
3995
4078
4039
3990
4038
4070
4065
4062
4057
4058
4087
4056
4040
4007
3962
3984
3969
3874
3889
3802
3865
3873
3804
3882
3911
3887
3942
3924
3925
3864
3891
3945
3931
3942
3958
3914
4005
4018
4073
4105
4148
4164
4162
4151
4199
4200
4218
4251
4307
4326
4356
4358
4383
4400
4401
4424
4408
4468
4461
4507
4502
4548
4474
4497
4471
4456
4474
4404
4395
4363
4367
4329
4348
4330
4329
4294
4242
4229
4194
4193
4229
4211
4248
4269
4305
4365
4376
4359
4422
4435
4446
4451
4474
4535
4555
4538
4540
4528
4569
4546
4546
4553
4549
4538
4522
4537
4513
4495
4517
4543
4533
4552
4561
4566
4568
4577
4613
4618
4646
4621
4590
4591
4553
4573
4539
4549
4526
4537
4547
4588
4534
4608
4578
4519
4552
4498
4548
4528
4554
4538
4536
4564
4591
4590
4601
4645
4632
4638
4682
4764
4749
4768
4784
4818
4766
4819
4823
4813
4814
4793
4813
4782
4721
4684
4672
4653
4662
4613
4646
4635
4667
4695
4637
4583
4612
4638
4621
4632
4593
4590
4558
4655
4621
4764
4824
4859
4864
4902
4899
4959
4922
4930
4967
4994
4995
4989
5100
5120
5190
5141
5193
5288
5237
5290
5326
5361
5324
5344
5373
5383
5363
5407
5396
5391
5344
5315
5205
5179
5162
5097
5110
5031
4998
5002
4878
4912
4760
4660
4679
4612
4577
4417
4464
4499
4341
4462
4611
4402
4492
4580
4567
4622
4725
4734
4659
4774
4862
4657
4777
4837
4796
4761
4727
4707
4716
4632
4621
4511
4611
4600
4574
4540
4482
4464
4359
4276
4290
4150
4203
3983
4000
3940
3698
3733
3763
3542
3621
3475
3627
3474
3501
3591
3427
3607
3776
3590
3728
3764
3952
3887
4097
4111
4216
4306
4359
4510
4344
4554
4671
4679
4736
4687
4758
4773
4795
4754
4872
4800
4905
4809
4790
4769
4800
4748
4682
4615
4597
4583
4521
4362
4394
4448
4439
4327
4345
4257
4297
4323
4168
4211
4169
4091
4175
4133
4250
4108
4167
4134
4310
4223
4286
4260
4379
4265
4471
4520
4380
4581
4600
4639
4639
4773
4780
4750
4752
4725
4746
4738
4747
4795
4737
4751
4714
4761
4692
4848
4793
4743
4793
4679
4729
4700
4698
4627
4722
4643
4641
4582
4596
4444
4574
4473
4583
4562
4570
4634
4788
4739
4784
4769
4730
4913
4926
4853
5058
5083
5077
5230
5247
5284
5273
5272
5271
5343
5404
5322
5479
5475
5473
5479
5481
5439
5445
5444
5419
5483
5404
5434
5436
5459
5428
5539
5410
5452
5322
5363
5317
5430
5414
5370
5390
5294
5432
5343
5359
5369
5460
5424
5462
5425
5466
5438
5523
5470
5587
5634
5629
5622
5564
5593
5549
5502
5453
5482
5488
5507
5502
5490
5506
5476
5457
5418
5426
5387
5377
5379
5350
5369
5354
5280
5296
5320
5221
5276
5242
5239
5302
5292
5323
5289
5292
5295
5264
5313
5335
5316
5336
5407
5456
5477
5545
5620
5666
5693
5689
5727
5669
5699
5739
5717
5751
5745
5761
5820
5889
5867
5939
5939
5929
5815
5826
5794
5782
5699
5695
5678
5694
5615
5696
5596
5603
5597
5524
5504
5467
5441
5447
5414
5390
5446
5405
5401
5428
5406
5401
5456
5487
5489
5489
5567
5534
5595
5609
5565
5583
5665
5651
5693
5699
5714
5737
5729
5763
5746
5766
5780
5766
5753
5693
5700
5696
5720
5709
5751
5735
5759
5713
5696
5706
5701
5649
5645
5605
5634
5626
5620
5642
5586
5569
5528
5492
5493
5504
5523
5596
5602
5680
5668
5751
5737
5786
5769
5749
5742
5702
5723
5699
5761
5739
5722
5786
5764
5776
5747
5696
5686
5660
5669
5577
5626
5683
5620
5628
5533
5514
5466
5511
5434
5436
5370
5336
5246
5209
5112
5200
5195
5191
5153
5168
5136
5121
5031
5031
4985
5016
5031
5062
5099
5108
5128
5157
5162
5214
5219
5220
5241
5256
5300
5365
5351
5453
5452
5414
5393
5383
5322
5344
5357
5345
5349
5316
5317
5358
5345
5281
5287
5168
5180
5213
5042
5053
5052
4971
5011
4983
4949
4948
4992
4929
4999
4923
4804
4872
4792
4874
4798
4910
4923
4955
5111
5115
5140
5079
5176
5177
5100
5313
5310
5275
5285
5325
5327
5378
5371
5405
5417
5382
5390
5303
5391
5334
5270
5303
5308
5290
5309
5298
5151
5215
