3263
3000
2773
2500
2306
2066
1893
1677
1496
1285
1093
881
755
694
678
660
648
631
637
634
661
706
777
830
904
1026
1092
1186
1255
1336
1411
1458
1532
1543
1562
1475
1382
1246
1122
998
878
742
624
499
401
278
198
164
151
193
244
310
390
467
576
664
762
838
940
995
1021
1000
928
884
814
753
677
605
518
444
367
324
276
235
202
183
166
140
136
121
112
117
123
132
142
148
152
159
151
152
173
190
224
242
259
277
273
275
282
272
261
244
228
201
184
168
168
163
178
199
226
240
258
271
311
344
374
420
443
506
509
575
621
668
722
778
805
790
709
670
583
506
450
370
337
300
303
332
377
442
515
628
700
796
875
958
1024
1086
1057
985
886
767
691
581
494
397
337
274
240
206
196
196
236
264
307
331
355
373
385
397
379
379
367
353
319
293
259
231
196
161
129
101
90
85
86
98
126
150
193
214
266
302
371
421
503
522
596
600
631
615
632
589
574
517
484
412
362
290
235
191
160
134
121
105
111
118
126
135
149
155
170
170
181
189
227
263
308
356
386
439
489
537
601
655
711
744
740
716
688
632
616
552
525
488
454
411
386
346
318
276
264
250
237
212
190
162
134
106
88
77
78
77
82
82
81
81
81
81
81
81
81
81
81
81
81
81
81
82
85
85
94
106
121
152
190
242
308
390
457
527
596
652
683
700
727
739
741
740
733
717
699
685
661
645
622
618
616
625
617
601
599
591
594
596
589
597
643
673
710
714
756
765
772
784
780
732
708
632
565
473
385
330
294
253
234
218
210
233
244
268
316
353
388
429
437
452
428
420
397
369
334
302
266
216
189
145
110
86
75
75
75
74
84
100
148
188
244
300
360
431
476
557
604
689
739
798
845
802
773
706
648
575
509
450
382
361
298
267
203
200
187
224
281
331
387
445
558
634
746
838
964
1032
1126
1138
1188
1161
1090
1075
982
837
749
614
473
367
264
172
115
76
73
73
73
73
75
75
75
75
71
73
71
71
74
72
73
73
71
71
71
71
71
71
71
71
71
71
71
71
74
74
89
124
166
222
278
327
399
456
531
572
645
703
703
718
691
647
562
528
448
386
326
257
210
152
112
86
81
82
95
126
150
178
209
240
271
284
306
317
316
309
298
271
251
218
190
158
130
107
85
81
81
86
86
86
86
86
90
90
92
92
95
113
181
198
246
307
358
418
488
554
615
680
742
789
823
821
791
710
646
593
521
456
394
322
270
209
160
129
129
164
224
271
325
394
461
546
642
731
847
907
1012
1094
1130
1175
1159
1160
1107
1061
951
866
714
655
594
530
543
537
586
663
754
852
990
1123
1272
1389
1401
1391
1376
1369
1338
1270
1106
977
860
735
640
530
479
455
449
435
447
453
511
587
693
818
939
1068
1190
1275
1277
1287
1291
1316
1265
1266
1168
1174
1062
1063
1025
942
960
938
990
959
942
909
906
904
870
885
846
842
833
779
751
670
649
581
545
506
477
447
427
397
380
385
397
417
434
457
456
458
437
417
383
349
291
258
218
206
199
212
237
277
331
390
430
474
505
533
553
545
530
503
462
419
374
333
273
232
178
140
103
84
83
83
83
83
83
83
83
83
83
83
83
83
84
85
86
86
91
104
107
124
131
143
147
148
141
151
138
151
136
124
148
132
158
157
156
150
157
130
126
109
93
101
131
167
226
292
409
527
675
821
983
1151
1322
1481
1637
1708
1743
1777
1766
1727
1620
1528
1404
1272
1142
991
832
694
548
408
279
205
179
190
240
295
348
414
487
541
612
675
723
783
781
759
691
641
564
506
422
369
296
250
186
142
104
80
93
102
116
152
172
198
229
256
294
318
332
337
346
320
306
279
270
258
254
227
202
172
147
154
176
204
249
326
382
474
558
664
763
835
930
977
993
984
957
915
885
832
787
709
658
582
533
459
396
370
326
299
272
257
225
199
168
140
113
94
83
83
83
83
83
83
83
83
83
83
83
83
83
83
83
83
83
83
83
83
83
83
83
83
83
83
86
87
87
87
86
85
87
87
90
90
91
90
90
90
90
84
84
84
82
77
80
81
81
81
81
81
81
81
81
81
81
81
81
81
81
81
81
81
81
81
81
81
88
98
124
147
172
190
213
236
248
247
255
249
241
236
216
190
174
139
122
97
87
82
82
82
82
82
82
82
84
87
96
103
107
111
111
115
128
130
139
139
126
127
126
119
109
100
92
84
83
93
103
109
118
123
130
150
161
178
213
234
254
254
291
300
294
299
285
265
242
211
202
210
229
243
272
301
351
428
514
598
674
746
805
851
868
872
850
822
750
686
602
516
451
350
270
193
145
111
93
86
86
85
86
86
104
155
207
283
354
433
513
571
639
677
712
719
722
689
653
585
532
437
366
299
212
149
101
88
85
85
85
85
85
85
85
85
85
85
85
85
85
85
85
85
85
85
85
85
85
85
85
85
85
85
85
85
85
87
102
112
128
141
164
167
178
179
180
177
169
150
139
121
110
92
86
86
86
86
86
86
86
86
86
86
86
86
86
86
86
86
86
86
86
102
160
189
243
307
363
422
482
540
561
554
585
600
600
582
574
530
502
477
454
456
457
497
513
555
593
623
672
698
702
720
728
736
751
753
748
734
730
728
738
784
822
901
1009
1075
1160
1280
1383
1462
1517
1553
1558
1521
1498
1430
1388
1273
1207
1100
1006
924
857
803
769
751
731
765
805
843
917
934
1002
1049
1078
1060
1058
1046
1006
987
943
907
874
826
775
739
672
654
617
600
580
527
502
446
385
356
316
296
282
267
264
273
269
298
307
341
336
328
321
320
302
278
251
215
190
169
130
107
93
86
85
85
85
89
95
119
181
229
288
359
441
487
566
610
672
704
743
749
746
687
636
585
519
461
393
345
273
223
183
162
164
204
232
299
345
401
455
507
553
576
595
602
557
534
506
444
393
348
284
237
191
151
113
92
90
90
90
90
90
90
90
90
90
90
90
90
90
90
90
90
90
90
90
90
91
91
90
93
107
127
153
180
220
264
321
382
421
472
516
559
599
625
615
587
552
513
478
430
376
342
283
238
186
148
115
94
95
114
151
178
215
252
286
353
401
465
502
571
603
632
629
634
624
611
575
530
464
417
350
312
260
227
185
144
115
91
87
87
87
87
90
106
126
144
149
173
173
174
176
180
156
146
137
114
104
97
96
94
93
92
92
92
92
91
89
86
86
86
86
86
86
86
86
86
87
87
87
86
87
86
87
86
89
89
90
90
91
88
87
81
82
82
85
84
87
88
88
86
88
87
87
86
86
86
86
96
125
164
196
240
296
343
401
456
521
572
610
640
669
675
706
715
752
755
752
759
764
758
755
763
762
738
665
615
535
462
402
354
305
245
247
277
323
416
500
620
758
886
1036
1185
1329
1479
1565
1661
1677
1648
1592
1506
1375
1261
1122
986
846
702
561
425
304
245
222
235
278
330
414
469
536
615
674
748
836
862
842
775
685
631
540
493
406
329
267
208
153
114
85
91
108
124
172
184
235
274
338
371
424
468
500
529
522
514
496
471
442
411
358
315
273
223
182
141
155
144
167
223
289
369
451
558
630
764
858
977
1053
1125
1194
1209
1219
1226
1224
1178
1158
1095
1015
955
907
865
836
804
807
834
840
882
925
970
1008
1049
1057
1085
1069
1064
1110
1075
1111
1069
1080
1021
992
959
936
909
946
987
1013
1027
1031
1036
1043
1059
1078
1082
1071
1086
1034
956
874
817
785
717
679
644
609
602
565
535
512
475
444
444
471
484
505
518
568
585
622
702
770
846
930
1012
1049
1094
1095
1098
1101
1092
1117
1068
1079
1060
985
970
914
841
835
750
708
619
555
469
422
360
318
269
229
209
204
201
210
253
307
334
379
412
444
453
464
455
431
404
375
337
295
241
207
166
122
100
84
81
82
82
81
83
83
81
81
81
81
81
81
81
117
153
188
221
257
306
350
391
449
490
529
565
590
593
576
528
490
465
415
378
328
281
232
186
181
178
224
326
410
513
633
745
869
1000
1114
1258
1343
1406
1440
1394
1316
1239
1121
986
869
735
616
487
378
281
198
161
177
220
276
332
387
468
529
608
670
762
831
914
865
810
712
638
556
482
480
427
419
416
416
423
460
504
573
638
694
782
880
965
1035
1102
1149
1210
1262
1303
1310
1304
1312
1306
1242
1152
1029
961
853
781
720
642
622
551
564
564
578
631
650
707
714
734
758
757
774
767
769
748
732
693
654
637
588
565
543
531
512
503
499
502
511
531
554
552
567
553
559
520
505
470
438
406
381
385
391
398
407
430
459
487
559
663
789
892
983
1081
1163
1202
1276
1328
1381
1424
1444
1479
1451
1428
1390
1310
1274
1163
1126
1004
923
793
645
540
442
350
291
268
268
261
254
243
237
236
234
230
223
213
202
191
216
211
232
243
275
349
398
459
548
581
650
700
761
764
789
788
785
734
745
688
657
627
591
548
529
499
479
441
404
381
371
330
308
269
229
187
166
121
101
79
78
78
78
78
78
78
78
78
78
78
78
78
79
83
86
96
106
121
124
126
130
122
126
115
108
92
104
118
163
221
266
319
356
442
476
533
596
655
714
789
858
893
889
820
750
677
642
582
539
485
464
410
365
316
283
251
243
256
277
321
347
393
422
486
530
589
682
760
900
978
1047
996
987
979
1000
1026
1044
1091
1122
1129
1162
1124
1084
1056
1033
1009
973
921
866
769
678
579
516
475
486
520
576
621
701
754
823
948
1053
1142
1204
1231
1212
1154
1077
988
866
754
625
527
417
319
229
154
112
112
133
147
178
184
200
211
212
221
222
205
200
180
165
147
118
108
92
95
116
146
170
204
236
259
297
341
375
404
429
444
459
445
450
429
399
365
329
334
347
370
392
417
438
472
513
562
623
662
703
703
681
658
605
553
503
426
374
323
256
208
162
150
157
171
203
225
251
288
330
366
403
418
435
440
424
406
386
347
332
298
261
225
196
203
206
215
276
309
364
450
553
661
788
883
1005
1117
1214
1210
1167
1153
1115
1085
1070
1042
976
934
920
884
870
862
864
858
864
851
801
761
694
682
664
675
647
663
650
669
646
675
697
716
736
757
752
709
649
589
515
454
379
333
256
219
202
185
198
219
257
306
351
386
445
482
515
547
557
542
525
484
459
421
382
331
289
249
192
159
117
96
104
137
184
224
293
352
409
480
548
614
687
775
841
878
911
910
951
968
1015
1052
1089
1135
1179
1185
1182
1166
1169
1146
1127
1078
1003
899
793
690
594
488
409
353
283
230
188
143
114
89
103
142
168
213
252
294
328
385
418
504
537
580
608
616
624
596
596
559
510
455
403
330
283
220
189
160
123
109
120
154
200
249
315
370
451
504
572
625
696
754
789
798
813
814
817
810
808
805
821
810
822
820
791
735
666
613
554
479
418
344
285
229
172
134
92
72
71
71
71
71
71
71
71
71
71
71
71
71
71
71
71
71
71
71
71
71
71
71
71
71
71
71
71
71
71
71
71
71
71
71
71
71
71
71
71
71
71
71
71
83
112
142
180
216
272
347
434
514
611
676
778
828
908
948
989
1026
1045
1085
1079
1019
950
851
787
712
672
636
596
557
557
520
480
473
460
499
556
592
677
718
764
801
817
858
872
897
914
900
855
775
710
610
522
444
364
303
236
186
163
175
209
249
292
328
372
409
446
467
505
523
543
547
558
538
531
519
516
494
469
461
433
417
411
383
341
313
278
253
246
207
180
154
132
107
93
90
90
90
90
89
89
105
134
196
266
324
398
467
529
598
666
714
784
826
894
895
898
903
903
904
896
903
909
916
927
917
955
851
786
703
624
552
487
407
359
287
230
177
127
115
124
175
218
279
338
378
465
519
567
644
676
707
736
693
686
619
580
520
450
385
326
254
190
136
95
79
80
80
79
79
78
76
76
76
76
76
76
76
76
76
76
76
76
76
76
76
76
76
76
76
76
76
76
76
76
76
76
76
76
76
76
79
92
98
131
185
233
274
338
398
462
522
594
657
736
804
869
931
950
947
951
951
949
936
912
848
756
683
633
535
494
441
432
405
410
412
409
451
483
501
571
613
673
702
730
792
822
856
887
901
911
884
866
815
782
705
625
552
471
384
293
220
140
98
75
61
56
56
56
56
56
56
56
56
56
66
104
142
188
247
303
371
431
510
573
659
739
805
888
870
794
724
638
582
483
425
386
318
265
207
159
118
85
75
75
75
75
75
75
75
75
75
75
75
91
119
155
206
245
301
343
404
443
487
508
534
528
526
522
464
446
379
350
295
249
188
164
159
192
223
269
317
373
424
478
529
595
650
684
702
733
731
732
736
740
730
730
725
724
726
714
697
687
668
675
667
686
700
717
728
745
758
796
817
840
873
887
859
838
815
806
801
818
843
907
956
1035
1091
1154
1186
1218
1210
1206
1208
1175
1122
1062
929
845
742
644
526
455
404
318
252
188
140
95
85
80
80
80
80
80
80
80
80
80
80
104
134
193
222
276
324
381
431
497
543
593
630
674
697
676
626
606
566
547
503
503
492
489
459
472
482
479
534
593
708
799
885
978
1013
1066
1109
1109
1135
1132
1114
1041
954
836
753
654
600
555
518
494
458
443
416
398
388
367
338
323
302
282
258
225
192
156
126
102
87
86
96
126
164
208
253
308
348
404
435
490
509
531
537
531
513
473
435
383
349
282
234
201
185
187
199
238
287
332
394
437
486
512
542
564
565
549
530
482
450
407
344
301
254
212
156
127
95
91
126
161
210
267
326
385
457
520
595
689
737
818
868
844
793
722
652
575
514
447
410
377
380
361
368
374
407
454
490
532
545
561
544
533
494
463
412
358
308
269
208
167
121
99
83
82
82
89
104
122
135
148
163
171
176
185
179
176
157
147
126
112
95
82
80
80
80
80
80
80
80
80
80
80
80
82
85
86
86
86
86
86
86
86
86
86
86
91
114
158
196
242
304
364
427
478
544
590
631
668
671
664
638
599
546
503
437
369
314
264
205
161
121
84
81
81
81
81
81
81
81
81
81
81
81
81
81
81
81
91
121
148
189
217
259
291
322
336
364
357
373
351
337
316
278
248
201
181
133
112
90
80
80
80
80
80
80
80
80
80
80
80
80
80
80
80
80
80
88
121
164
219
269
324
386
452
506
564
606
629
640
633
607
569
539
488
421
368
298
227
177
138
104
88
87
87
88
102
128
143
179
215
229
260
277
306
356
387
435
466
521
548
600
622
683
706
766
785
832
773
716
655
577
510
442
380
310
261
205
157
112
91
89
95
95
95
95
95
95
95
95
94
95
92
90
89
80
80
80
80
82
81
82
82
77
85
91
99
102
127
122
123
124
113
111
97
88
100
106
117
138
159
182
208
234
254
305
353
405
468
515
592
697
780
866
975
1063
1151
1241
1318
1384
1427
1423
1349
1227
1138
1016
947
870
811
770
767
740
733
735
762
764
789
782
786
786
732
715
658
658
669
709
733
802
859
924
996
1055
1129
1195
1223
1249
1207
1175
1107
991
923
811
712
615
500
411
324
249
196
162
121
115
131
184
227
281
359
412
494
560
649
713
787
864
920
896
846
764
700
603
538
462
394
330
274
225
173
138
122
118
115
104
98
94
92
103
119
141
163
195
211
229
241
264
261
261
255
238
214
197
168
145
119
97
79
79
81
103
138
176
222
278
333
398
446
497
540
587
617
636
633
615
577
540
486
434
390
319
322
274
286
279
292
336
394
472
520
590
655
715
760
806
803
774
714
655
602
516
463
402
338
273
224
177
131
110
136
175
225
272
333
393
453
504
567
617
667
715
749
750
751
698
667
609
554
480
411
329
260
199
143
115
97
108
125
150
172
207
221
245
273
324
357
416
448
510
536
594
621
682
729
774
824
850
793
739
647
588
502
445
362
308
250
194
203
175
217
237
303
353
426
479
540
607
669
709
735
742
729
675
627
576
514
495
450
438
429
415
400
396
388
435
475
534
571
616
645
650
667
700
722
751
782
793
780
761
763
728
691
624
580
493
416
340
266
220
176
148
156
192
269
322
381
450
515
593
655
743
806
887
934
935
896
834
787
710
666
595
547
475
413
359
286
219
205
242
359
462
578
699
830
962
1101
1255
1406
1576
1688
1791
1806
1707
1613
1480
1368
1227
1108
994
842
713
594
470
387
345
347
383
409
437
465
500
535
571
607
664
699
739
731
739
676
661
586
555
477
415
377
303
260
212
218
238
257
285
317
343
385
420
458
502
533
563
574
568
541
501
464
438
396
360
326
300
281
280
280
289
336
410
493
554
635
699
776
816
843
902
920
944
927
885
813
722
613
534
449
386
326
271
219
196
179
188
246
303
368
425
486
547
593
641
666
684
686
666
638
578
530
470
446
422
400
385
386
407
419
472
512
579
638
695
754
790
799
758
722
658
593
534
462
418
335
285
237
185
199
198
257
358
463
574
696
813
948
1048
1198
1296
1420
1496
1487
1405
1308
1214
1094
983
843
717
600
472
357
255
187
161
195
241
325
381
461
515
592
655
717
750
793
781
787
742
712
651
624
556
518
451
424
382
344
296
276
261
259
244
230
203
179
147
116
92
87
83
83
83
85
101
129
152
188
219
252
274
297
313
322
327
307
305
281
258
239
202
180
139
113
94
87
92
97
100
106
106
106
108
110
110
111
114
115
107
103
97
87
84
83
83
83
83
83
83
83
83
85
86
101
114
143
183
218
242
284
317
307
320
328
381
406
421
438
444
457
494
554
626
693
770
833
897
916
846
793
707
627
562
474
429
356
290
251
180
146
132
150
199
257
309
368
421
487
536
604
653
697
741
721
744
718
695
656
606
588
547
527
494
470
441
464
470
514
555
590
637
641
626
593
554
505
502
455
482
461
467
481
507
534
567
628
698
743
761
740
673
624
555
482
422
370
309
269
222
191
199
208
252
281
325
355
389
409
405
415
408
383
362
337
301
272
236
207
175
137
113
135
156
203
270
354
423
511
598
697
844
981
1096
1250
1344
1382
1336
1321
1280
1219
1137
1053
936
833
708
595
511
409
360
320
327
317
348
377
442
495
579
628
710
756
804
858
819
817
777
740
722
687
647
629
596
571
552
533
541
568
577
581
583
578
557
531
482
459
401
382
345
331
328
360
398
466
536
621
725
868
969
1070
1175
1261
1324
1353
1374
1325
1274
1220
1143
1033
944
828
723
599
484
389
303
251
195
159
129
130
133
163
209
246
286
326
357
367
386
386
390
370
341
311
272
228
209
182
187
187
214
253
332
427
533
640
749
842
960
1032
1080
1164
1191
1197
1177
1149
1099
1050
1029
960
918
872
840
799
761
712
662
602
553
501
437
394
329
282
227
174
136
111
134
172
228
285
347
417
485
575
648
735
797
891
925
874
799
693
623
532
454
394
315
265
200
147
109
77
68
71
71
71
80
105
126
165
203
248
286
319
346
381
408
408
414
409
390
375
338
318
303
295
289
291
296
302
329
352
387
402
404
407
402
386
355
327
297
254
219
183
152
145
141
174
249
344
429
544
647
788
884
1001
1110
1208
1276
1342
1356
1287
1185
1085
960
824
718
591
486
366
282
188
124
122
131
194
233
287
330
359
414
485
512
578
636
766
796
841
873
916
941
961
962
962
955
919
912
888
813
722
643
576
513
462
401
383
353
334
324
346
352
432
522
589
675
748
811
886
927
970
1040
1048
1047
954
879
758
657
576
490
426
345
286
206
165
121
85
77
77
77
77
90
119
160
212
255
313
368
432
503
582
644
720
753
797
799
775
732
685
639
580
515
441
372
296
241
190
152
134
139
161
168
178
187
191
189
178
176
156
149
121
124
189
266
366
484
592
702
832
948
1087
1215
1332
1427
1490
1473
1401
1285
1188
1058
945
796
668
558
424
328
250
214
209
281
356
468
588
677
807
892
1009
1114
1177
1258
1297
1292
1202
1070
954
832
704
580
473
373
286
216
176
128
107
94
94
94
94
96
101
104
113
112
109
106
102
97
92
92
92
92
92
92
92
92
92
92
92
92
92
92
92
91
91
86
86
86
116
137
191
253
311
384
445
505
580
644
713
797
848
923
941
869
815
728
648
575
507
432
357
302
243
194
159
147
161
219
261
328
389
440
507
573
642
676
747
762
768
740
699
628
596
524
458
389
325
253
188
137
96
88
88
88
88
88
88
88
88
88
93
91
93
91
95
116
144
184
221
286
333
377
431
496
545
597
634
688
714
714
694
666
675
648
629
630
625
633
648
652
661
675
722
726
773
787
780
721
652
609
546
489
418
365
325
301
306
305
346
424
539
649
772
898
1012
1136
1253
1363
1427
1432
1408
1341
1278
1198
1089
974
850
734
606
472
376
277
265
265
301
339
432
522
639
746
855
987
1059
1185
1256
1295
1305
1295
1260
1174
1091
960
836
707
572
470
353
283
233
176
132
98
89
89
89
89
89
89
89
89
89
89
91
90
90
90
92
96
103
106
114
130
151
190
214
240
270
303
330
330
351
331
338
323
315
291
270
243
207
175
149
118
101
96
103
107
116
137
171
209
281
343
454
533
601
669
719
785
838
858
877
871
837
785
727
661
614
584
564
548
548
537
544
564
583
635
691
788
881
938
939
968
990
1015
1013
1017
1025
1000
949
871
772
674
594
536
516
538
543
585
624
679
777
879
1001
1146
1242
1358
1432
1472
1441
1358
1282
1162
1069
930
817
689
596
505
428
366
319
276
277
255
245
234
225
204
191
166
144
127
113
134
171
213
275
354
445
553
667
799
895
994
1096
1183
1222
1217
1144
1079
1005
925
832
751
680
620
589
551
535
541
573
666
715
805
895
959
1053
1097
1048
997
915
846
752
670
594
507
494
443
444
447
494
565
681
763
875
986
1086
1146
1191
1176
1134
1085
1034
950
871
763
661
559
463
356
310
266
239
259
270
307
350
400
447
501
537
552
581
589
579
552
515
455
410
348
306
246
205
161
124
97
81
98
121
155
177
212
232
275
310
369
413
474
516
555
593
614
650
656
668
655
626
588
563
541
490
438
386
339
274
233
179
145
101
88
87
87
91
91
91
91
88
88
88
91
95
97
101
101
102
103
97
97
103
120
125
155
184
211
267
318
389
431
514
562
640
691
724
757
787
794
785
785
755
719
722
710
692
671
647
607
558
530
519
498
518
511
557
617
667
700
772
821
887
941
1034
1068
1095
1091
1093
1086
1034
1008
946
910
850
764
693
601
528
500
489
492
481
512
524
575
604
694
773
866
919
966
980
1004
991
956
907
852
776
688
576
485
386
321
256
218
178
143
112
83
77
79
109
135
154
190
221
251
269
306
346
392
439
481
527
558
594
617
638
644
648
634
620
593
565
521
470
413
372
329
282
242
187
148
124
140
124
137
139
141
135
134
126
127
102
94
82
82
82
82
82
82
82
82
82
82
82
82
82
82
82
82
81
72
81
69
73
73
74
74
74
74
74
74
74
74
74
74
83
83
84
84
84
84
84
84
84
84
84
84
84
84
84
84
84
84
84
84
84
84
84
84
84
84
84
84
84
84
84
82
82
82
123
132
171
190
225
258
307
338
386
423
473
539
624
675
730
747
781
814
841
856
875
850
820
768
708
635
589
568
543
534
539
529
542
549
568
578
622
666
737
784
827
827
869
853
882
878
892
908
932
946
939
819
741
660
583
507
443
378
313
254
206
158
116
94
93
93
93
94
99
105
112
115
128
123
129
123
121
108
102
95
94
93
93
93
93
93
93
93
93
93
93
93
139
164
212
259
317
378
448
488
576
635
702
792
841
884
875
803
776
708
656
593
543
494
456
441
405
383
367
386
415
463
493
514
558
600
647
660
701
738
811
846
890
913
935
940
973
996
1024
1055
1064
1083
1067
1043
991
953
905
865
788
719
654
571
485
400
310
250
227
229
253
286
333
414
479
554
619
687
764
809
837
816
753
678
645
589
585
546
527
535
543
552
601
638
700
785
832
891
935
888
865
812
805
775
825
810
831
811
824
802
804
815
851
927
988
1061
1113
1162
1206
1256
1333
1397
1451
1493
1498
1439
1371
1308
1249
1172
1135
1103
1105
1109
1126
1146
1196
1270
1365
1437
1517
1522
1529
1508
1406
1236
1079
938
879
751
680
626
583
554
570
588
620
677
747
829
883
894
837
756
693
632
547
492
418
359
295
240
186
135
123
124
171
214
276
327
387
454
559
646
750
852
955
1020
1067
1114
1129
1146
1145
1156
1148
1144
1133
1050
928
793
690
616
554
490
412
358
301
242
188
148
111
111
144
183
237
285
351
408
474
563
671
815
968
1120
1325
1420
1484
1540
1597
1671
1759
1832
1871
1835
1773
1678
1549
1356
1185
1023
912
757
638
505
409
299
226
182
142
162
193
249
298
364
419
493
557
635
696
771
822
837
821
764
703
638
573
496
436
358
300
243
188
139
116
132
146
177
207
251
295
341
385
410
444
462
474
468
453
433
407
366
330
286
244
204
162
127
101
92
92
92
92
92
92
92
91
85
91
91
107
122
138
153
181
207
239
273
306
346
369
386
406
408
409
391
374
341
324
303
266
239
202
171
133
115
94
111
137
168
218
258
306
361
387
447
479
506
536
540
549
530
504
473
431
390
335
295
240
193
155
118
93
88
88
88
88
88
88
88
90
108
107
122
143
174
209
242
290
320
373
420
467
504
579
612
664
698
746
772
789
752
731
659
636
580
533
466
423
370
314
263
233
206
201
211
263
353
437
521
642
724
859
963
1146
1226
1370
1458
1516
1483
1441
1395
1337
1284
1166
1084
975
846
723
606
525
455
403
365
307
262
212
170
132
122
140
177
226
285
337
406
471
528
576
655
703
733
768
735
707
646
588
517
452
361
284
236
172
130
88
58
49
49
49
49
49
84
84
84
84
84
86
86
86
86
86
85
85
83
86
86
88
88
88
88
88
88
88
88
101
115
149
169
190
212
244
281
332
399
465
534
600
658
717
765
786
790
801
791
767
727
668
647
613
572
561
537
531
538
551
596
645
691
750
780
831
847
852
845
789
778
737
662
612
537
496
427
381
322
284
232
190
152
114
97
88
88
88
88
88
88
88
88
88
102
132
187
243
310
375
431
507
566
636
698
755
808
860
885
882
879
859
826
775
728
661
594
521
464
379
316
245
186
145
110
90
88
88
88
88
88
95
117
150
187
226
277
323
373
424
463
500
531
550
549
540
517
485
449
414
368
311
263
211
174
135
99
84
83
83
83
83
83
83
83
83
84
89
91
98
112
122
141
151
165
172
178
176
179
172
162
146
142
117
112
151
180
235
266
317
367
428
475
538
586
650
732
798
841
882
892
910
945
978
980
1002
1015
1028
1021
909
818
719
674
649
630
626
627
629
636
666
710
780
840
931
957
939
915
877
831
779
754
696
651
589
509
450
414
390
397
419
419
452
450
506
531
587
642
709
771
848
864
926
902
907
904
938
938
953
959
991
1002
1084
1121
1216
1299
1423
1525
1649
1680
1680
1705
1735
1789
1835
1836
1807
1757
1706
1610
1519
1422
1333
1253
1158
1050
945
837
752
696
656
629
623
621
645
657
674
704
735
802
832
848
851
849
844
823
821
808
824
797
795
753
723
674
662
604
556
487
425
347
285
206
162
131
108
89
89
89
100
127
169
222
269
331
397
464
531
598
665
738
793
835
861
854
841
833
824
810
786
770
738
696
653
597
551
493
436
376
317
262
209
169
154
133
150
162
176
203
231
260
286
309
329
336
340
320
295
282
265
249
220
201
170
141
117
100
98
105
123
159
208
271
331
406
463
521
571
588
615
631
619
596
575
521
469
402
339
276
221
178
138
109
89
89
89
91
132
172
232
298
393
473
567
631
729
784
870
914
932
899
856
767
682
604
515
436
347
293
232
185
155
133
138
188
221
255
290
328
363
417
431
457
482
488
494
490
484
452
425
392
374
342
317
294
271
257
250
254
273
319
382
450
553
641
763
848
944
1023
1105
1177
1212
1257
1268
1265
1246
1197
1111
1001
920
798
709
611
538
494
458
464
478
491
538
594
691
764
860
961
1015
1063
1123
1128
1138
1165
1151
1200
1123
1013
902
769
639
550
451
379
319
264
229
213
218
229
283
326
361
409
424
443
434
432
416
392
354
319
270
231
197
163
129
108
88
87
88
87
88
88
88
88
84
88
88
84
88
88
89
85
85
85
85
84
84
84
84
84
89
90
95
102
105
109
111
107
114
120
129
123
117
119
119
119
113
106
99
95
95
103
115
113
119
119
120
115
114
100
103
113
131
156
170
197
209
223
239
236
233
219
209
189
174
147
129
106
95
87
87
87
87
87
87
87
87
87
87
88
103
134
189
223
281
338
391
444
502
560
605
632
661
676
664
634
584
543
487
427
367
322
260
212
165
124
96
85
85
85
85
85
87
87
87
87
87
87
87
87
92
109
121
146
157
168
177
196
191
188
183
170
160
142
128
116
93
87
87
87
87
87
87
87
87
87
87
87
87
87
87
87
87
87
87
87
87
87
87
87
87
87
87
87
88
96
105
109
179
223
279
325
407
452
529
593
664
738
824
885
950
923
874
787
708
632
568
485
416
349
289
231
185
140
153
178
242
288
351
406
481
542
599
678
734
782
803
791
754
714
640
584
506
436
375
304
233
178
123
91
86
86
86
86
86
86
86
92
107
112
126
131
128
142
143
161
198
203
243
263
293
317
342
353
366
366
368
339
321
285
260
220
183
145
115
94
80
80
88
91
97
104
118
135
192
232
294
347
398
463
528
595
675
760
814
906
982
1011
1036
1010
997
964
911
841
764
679
608
536
470
442
419
409
429
449
483
533
585
637
664
728
786
884
965
1027
1061
1058
1089
1089
1125
1124
1153
1138
1154
1127
1118
1064
984
917
841
774
714
672
637
654
681
692
681
711
730
767
821
862
900
919
929
919
891
810
744
652
593
526
479
405
352
313
279
257
260
305
392
473
607
692
807
933
1014
1121
1225
1290
1354
1391
1381
1278
1189
1048
941
805
672
553
439
327
234
164
119
88
78
78
78
78
78
78
78
78
78
78
78
78
78
78
78
78
78
78
78
78
78
78
78
78
78
78
78
78
78
78
78
78
78
78
79
79
79
79
79
79
82
85
95
106
128
150
170
214
237
278
299
308
327
331
328
318
308
295
270
271
267
278
285
301
328
350
392
440
477
503
516
520
540
544
580
598
620
632
685
675
705
724
739
796
833
843
814
760
697
619
555
479
419
346
283
228
172
131
102
85
85
85
85
85
85
85
89
92
98
101
98
96
95
90
89
87
89
89
87
90
90
88
87
83
87
89
87
83
83
83
83
83
83
83
83
83
83
83
83
83
86
86
104
134
180
238
288
353
415
473
546
620
695
765
802
870
903
912
909
889
861
810
748
698
628
553
482
423
352
288
233
184
142
