9504
9467
9918
9918
9809
10419
10419
9407
9951
9711
9711
9218
10027
10027
9688
9688
10389
10292
10292
9692
9692
9692
9795
9795
9873
9873
10087
9924
10335
10320
10320
9236
9236
9996
9996
9940
9940
10578
9789
9789
10048
9585
9585
9585
9585
9992
9992
9747
9602
9602
9679
9526
9526
10131
9905
9255
9785
9785
9779
9779
9779
9713
9713
9256
10346
10333
9675
9980
9455
10221
10221
9484
9954
9954
10689
9993
9703
9703
9703
9703
9876
9482
10011
9991
9735
9735
9735
9317
9763
9763
9763
9737
9737
9737
9214
10239
9680
9680
10128
10128
10128
9673
9673
9673
10028
10176
10077
10077
9508
9571
9613
9962
9276
9961
9961
9435
9435
10133
9887
9433
9433
10134
9817
9817
10585
9791
9791
9791
9791
9791
9787
9787
9787
9540
9540
9848
9848
9437
9437
9437
9437
9926
9926
9926
10210
10394
9665
9289
9671
9671
10656
10656
9324
9418
9755
9755
9816
9816
9764
10229
9948
9911
9813
9813
9646
10094
9604
9604
9604
9774
9774
9774
9567
9567
9724
9724
9724
9724
9788
9788
9564
9776
10610
9885
9885
10046
10046
10663
9693
9693
9605
9605
9323
10196
10017
10155
9464
9371
10475
10424
10159
9716
9716
9716
9239
9906
10297
9831
9831
9831
9831
10285
9582
9582
9582
10104
10104
10104
10054
10054
9778
9778
9553
9796
9796
9483
9900
9900
9913
9732
9732
9732
9309
10414
10289
10289
10289
9738
9738
9738
9972
9972
9972
9299
9559
9647
9647
10517
10105
10357
9336
9555
9804
9804
9922
9922
9417
10125
10125
9622
9622
9406
10194
10194
10143
9668
10095
9901
9923
9509
9684
9684
10217
10217
10407
10407
9419
9261
9754
9754
10574
9957
9335
9767
9767
9490
9490
9490
9490
9958
9958
9960
9960
9637
9517
10175
9498
9835
10059
10059
10299
10299
10299
9982
9982
9982
9982
9708
9708
9708
9597
9597
10006
10006
10006
9875
9875
9875
9846
9846
9846
10420
9453
9657
9657
9528
9898
10025
10025
9297
9769
9695
9695
10421
10081
10081
9745
10754
10069
9943
9943
10465
9560
10074
10074
10112
10112
10112
10116
9715
9988
9552
9552
9644
9644
10031
10031
10031
10031
10282
9886
9725
9725
9725
9725
9807
9807
9807
9676
9676
10919
9860
9860
9768
9768
9468
9581
10546
10546
9857
9857
9857
9620
10021
9944
9944
9859
9859
9287
9897
9897
10056
10056
10003
10003
10355
9765
9765
9765
9500
9500
10022
10022
10118
10118
10315
9949
9471
9471
10351
10164
9955
9632
10041
10041
9832
10246
9967
9456
9643
9849
9743
10180
9892
9506
10583
10257
10257
9772
9772
9772
10075
10075
10075
10075
9945
9945
9829
9841
9709
9628
9628
9639
9639
9726
9726
9689
9538
9303
10489
9700
9700
10454
9851
9851
9784
9837
9837
9837
9903
9903
9426
9439
9984
9850
9850
9850
9850
9850
9792
9792
9818
9818
10040
10040
9326
10332
10509
10024
9590
9590
9590
9590
10078
10078
10506
9577
9577
9565
9565
10258
9896
9805
10370
9730
9730
9730
10080
9496
9496
9630
9630
9434
10543
10543
9976
9976
9976
9965
9717
9717
9917
9734
10145
10145
10352
10038
10198
9854
9854
9345
9629
9596
10345
9771
10222
9648
9648
9648
10295
10438
10055
10055
10055
9410
9410
9410
9410
10644
9611
9611
9610
9638
9834
9834
9834
9834
9697
9697
9697
9697
9403
10188
10236
10511
9810
9810
9810
9810
9953
9953
9694
9770
9959
9959
9872
9872
9872
9872
10161
10261
10405
9762
9762
9662
9869
9978
9742
9499
9469
9469
9469
9655
9655
10250
9606
9783
9783
9863
9863
10366
10197
9254
10347
9864
9635
9635
9635
10103
10103
10235
10060
10060
9977
9977
9977
10205
10223
10223
10119
10309
9654
9663
9663
9701
9701
9220
10204
10527
9794
10062
9861
10336
10154
10154
10350
10311
10130
10130
10130
10130
9395
9916
9916
9916
9916
9756
9756
9749
10328
10328
9842
10070
10070
10000
9914
9359
10185
9773
10153
10418
10066
10066
10066
9681
9383
10009
10009
10009
10026
10026
9710
9710
9710
9710
9710
9205
9414
9696
9636
9830
9830
9440
9440
9557
10425
10425
9627
9627
9627
9910
9267
9931
9931
10686
10264
10264
10264
9987
10086
10086
9757
9757
10047
10170
10170
10304
10304
9314
10140
10140
9753
9753
9728
9728
9728
10172
9777
9797
9797
9853
9853
9975
10184
10184
10265
10265
10265
10265
9587
10396
9868
10018
9584
9584
10206
9415
9799
9799
9799
9871
9781
9781
9781
9781
9781
9750
9750
9750
9318
9318
9445
9981
9981
10283
9342
9937
9937
9524
9524
9541
10174
9556
10344
10132
9844
10313
9491
9491
9531
9932
10227
10227
9744
9300
9623
10111
9598
9979
9979
9979
9705
9631
9631
10058
10058
9601
9659
9659
9659
9970
9970
9970
10082
10082
10166
10203
10053
10057
10057
10057
9891
10005
10113
10113
10113
10138
10138
9985
9928
9928
9664
9664
9296
9296
9463
9463
10073
10073
10064
9739
9472
9999
9999
10144
10144
9446
9404
9549
9825
9867
9867
9855
9641
10014
10014
9733
9733
9733
9356
9356
9356
9563
9563
9687
10029
10029
10029
10029
9615
9545
9803
9803
9803
9621
9930
9609
9609
10450
9995
9995
9995
9576
10340
9862
9862
9947
10251
9904
9904
10279
10044
10371
10179
10179
9573
9661
9661
9661
10030
10108
10213
10278
10020
10020
10020
10020
10244
10101
10101
10101
9847
9847
9870
9824
9824
10243
10243
9919
9919
9759
9759
9759
10238
9946
9946
9527
9964
9969
9969
9969
9969
9806
9364
9364
9364
9934
10571
9974
10160
10160
9927
9927
9927
9927
10148
10023
10023
9294
9884
9884
9884
10237
10152
10152
10597
10597
9839
9618
9942
9942
9942
10065
10471
9793
10079
9699
9699
9856
9925
9925
10211
10211
10177
10383
10076
9741
10273
10273
9480
9480
10398
9295
10019
10263
9718
10241
10241
10288
10288
9801
9377
9347
9347
10089
10089
9746
9746
9746
10343
9595
10529
9642
9843
9714
10168
9624
9624
10072
9704
10067
9874
9874
9874
9706
9740
9935
9720
9720
9514
9752
10230
9833
9617
10298
9588
10202
9823
10004
9881
10480
10231
10231
10231
10207
9952
9952
9449
9476
10312
9459
9658
9658
9658
9658
9828
9473
9890
9890
9589
10093
10093
10093
9479
10252
10252
10037
10037
10037
9593
10367
9586
10120
10120
10306
9731
9731
10600
9389
9811
9811
10036
10036
10284
9990
9990
10373
9963
10012
9883
9883
9973
9973
9973
9909
9909
10051
9674
9808
10050
9761
9616
11527
9489
10124
10124
10124
9736
9736
10249
9941
9941
9547
9547
9682
10382
9470
9341
9341
10462
9880
10182
10182
10182
10182
10234
10445
10308
10308
9330
10218
9838
9838
10372
9535
9802
9802
9802
9487
10416
10416
9626
10406
9369
9536
9536
10033
10033
10033
10102
10102
9570
10163
9786
9786
10281
10245
10245
10245
10501
10501
9800
9800
9478
9478
10192
9782
9782
9474
9474
9474
9474
10528
9685
9685
9507
9507
10225
10225
10225
9821
9821
9821
9865
9865
9865
9712
10084
10063
10063
10725
9815
9815
9852
9852
9652
10142
9387
9481
10268
10171
9899
9899
9640
9640
9562
9562
9562
9562
9908
9729
9729
9729
9729
10276
9822
9822
10520
9840
9840
9840
10049
10049
9968
9895
9895
9895
9895
10007
10007
10007
9877
9877
10121
9619
9282
9956
10255
10255
