7345
7345
8555
8555
10130
7998
8698
8698
8698
8698
8698
7914
9854
9308
8284
9057
9057
9057
8387
8150
8397
8397
8920
9310
9310
8324
8324
8437
7714
8295
8295
10056
10056
8163
8163
7828
8058
8058
8814
8814
9848
7077
7902
9240
7959
7949
7043
9594
10179
10053
9025
7987
10099
9199
9629
10282
10406
8031
8031
8689
8689
8689
10699
8627
8627
8627
8893
8893
8669
8547
10171
10562
9455
9455
9455
9455
8229
9620
9620
8067
8067
10716
8862
11309
9949
8655
8265
10074
10074
9369
8803
9171
10958
9051
9051
9051
9899
9324
9324
10063
10063
9289
9289
10271
10271
8233
8233
9226
9226
7888
10140
9783
7434
7824
7824
8647
8238
8238
8238
8238
7321
7321
7321
7887
9440
9440
9440
8414
8085
8085
9560
10358
10358
9095
9095
9095
9741
9741
9248
9248
8300
8300
8300
8300
9383
8749
7750
9116
9116
9116
9116
8676
8676
8153
8153
9820
7382
9318
8570
8562
7954
8168
8168
8168
8168
8168
8339
8339
8339
8339
8339
8339
8339
10769
9575
8027
8027
10429
9991
8459
10146
10146
10294
8183
8183
8268
8241
8241
8241
8241
8241
8614
9371
9125
9125
8463
8463
8860
8860
10275
7992
10686
10425
9436
9436
9436
8633
8633
9312
9312
9312
9312
7972
9429
10071
8226
11305
8649
8649
8649
9667
8985
8074
8074
8187
9776
10353
8313
8313
8283
8283
8283
9309
8186
9120
8258
8258
9389
9389
9389
8845
8845
8845
8898
9380
9621
10037
8984
7898
9264
9052
10554
8742
8742
8742
8726
8726
9011
9011
9011
9011
7526
7172
10602
10602
8010
8851
8851
8851
7411
8126
7342
7342
8040
10623
8351
8373
8373
8373
8369
8369
9599
9599
9599
9544
9544
10133
9498
9498
8933
8933
8986
8986
8754
7459
8262
8262
8405
8405
9054
9054
8500
8500
8500
9071
10380
10109
10211
9275
9275
8557
8557
8557
10405
8273
8086
8536
9785
9823
9583
8747
8747
8211
8211
8875
8091
8091
9622
9622
7329
8321
8321
10411
9295
9428
9428
7769
7769
9211
9398
9819
8896
9001
9001
9001
9001
8758
8758
8758
8741
8741
8741
8415
7693
8123
8123
9650
9410
9410
9410
10034
8949
7056
8121
8121
7981
9042
8242
10126
8412
7528
7344
8394
8394
8394
8394
9717
8368
7377
9397
9397
9732
8498
7786
7288
9276
9276
8996
8206
8206
8775
8775
8775
7675
7937
9458
9458
9458
9458
7670
9084
9084
9084
8094
8192
8192
9526
11211
8789
8789
10231
8682
9778
9778
9096
9096
9294
8259
8259
9368
9953
8552
8552
8552
8552
8538
8538
10283
10283
9421
9421
8563
8563
10298
8007
8007
8393
8393
7964
7964
9499
9499
7040
9564
9471
9088
9088
7592
9319
9319
9319
9319
10314
9729
7449
8398
7688
7688
8690
9635
9635
9669
8096
8096
9066
7181
8317
8501
8897
8897
10145
9409
9409
9322
10244
9364
9364
9364
9364
11111
10268
9764
10463
8982
8982
8982
8419
7960
10148
10148
8434
8434
8908
8908
8908
8908
9244
9292
9377
8088
8088
8088
8620
8620
8620
9810
8879
8879
9439
9439
9439
8272
8272
8272
8251
8251
9469
9441
7193
10416
10416
9573
9945
11323
8585
8585
8585
9150
8103
8103
8103
8169
9329
9329
9329
9329
8158
8137
10400
9262
9262
9262
9056
9056
9056
9283
8293
8293
8293
8293
8293
8293
8950
8950
8950
8950
8106
8106
10215
9933
9113
9272
9272
9176
9504
9504
9628
9628
9027
8858
8858
8858
10375
11318
9231
9231
9231
9640
8733
8733
8733
8733
8733
7221
8207
8207
8207
10634
9205
9205
7497
9307
8520
10143
7624
7996
10172
8652
8921
8921
8921
8921
8921
8071
7349
8105
8105
8629
8629
8629
9115
9115
9254
9254
9323
9323
9323
8548
8596
8596
8596
7696
7696
8029
8390
8390
8290
8290
8290
8461
8461
11414
8050
8050
9063
10571
9627
8063
8781
8781
8781
8859
9136
9136
9136
8014
8014
9452
9452
10480
8422
8702
10086
7965
9288
8609
8609
7802
9271
9271
9093
9093
9093
7176
8315
8471
8471
9608
9608
9533
9533
9220
9220
9220
9352
9352
9352
9352
9862
8531
7719
8212
8212
8191
11666
9356
9356
9356
10147
10147
10270
8473
10680
8327
8327
8327
8327
8012
8012
8012
8012
8792
8792
9117
11269
8468
8468
8917
8917
11101
8175
8175
8175
8175
8175
8175
9416
9416
10263
8356
8356
8753
8753
8753
9291
9291
10308
10308
8420
8420
8420
9246
9893
9893
9046
9046
9046
9037
9037
9222
9197
9267
9345
8491
9816
9090
9090
8021
11041
9223
8545
9236
9752
9221
9221
9221
9221
8214
8214
8404
8907
8907
8907
9586
7133
9237
9451
9451
9451
8683
11344
8477
8525
10626
9081
9081
9081
9898
8343
8343
8278
9045
9045
8291
8953
8856
8856
9103
8787
8787
10157
9187
8685
8685
8685
10242
8923
8923
8923
8923
9419
8942
8942
8942
8309
8309
8309
7740
8135
8196
8196
8472
8472
8472
7969
9259
9259
9259
7158
9290
9290
11590
8316
9484
9484
8663
8663
8663
7049
8363
8363
8363
8363
8363
8363
8363
9665
8727
8727
8727
8727
8727
7952
8910
8910
8910
9779
8056
8056
8056
8972
8972
8391
8391
8391
9100
11295
7404
8379
9847
8178
8178
10273
10273
8983
8983
8776
8776
8776
7587
9012
9012
9012
7633
8157
8769
8769
9872
8874
8874
9951
7968
10462
9159
9454
9454
10467
9445
9445
9474
10012
8919
7231
8762
8762
7201
7201
10337
8320
8320
8320
10552
9156
8057
10387
9753
10399
10060
10391
8209
8209
8980
8948
9353
9353
9353
9353
9353
7850
10208
10187
10269
9689
9316
9316
9316
8978
8816
8001
8359
8359
10364
10419
7338
8671
8671
7225
7225
7510
10059
9646
8558
9734
9253
9253
9253
9091
9118
8687
8687
8687
9531
7942
7942
9040
9040
7273
9908
9457
9265
9420
9348
9348
10393
8025
8025
9782
8888
8888
8654
8654
8801
8801
8924
9815
9097
9097
9097
9003
10498
9661
9230
8355
8355
9867
8080
8015
9287
8716
9110
9110
10565
9145
9145
9145
9145
8612
9014
9014
8634
8634
8634
8179
8179
8179
8210
9723
8626
7084
8376
7732
10018
9035
10624
8167
8418
8899
8899
8899
10460
9026
9026
9511
9511
9405
7489
8395
8395
8822
10397
9196
9196
9062
9062
9074
9074
9913
11375
8344
8344
8497
10087
8486
8625
8280
8280
8494
8559
8559
9431
9431
9537
8277
8277
8277
9806
8337
8337
9446
9446
8774
8774
8774
8774
9623
8593
10046
8880
8880
8880
9334
9334
9334
9334
9000
8253
9104
10356
9548
9548
9086
9086
8619
10648
9227
9227
9373
9373
10541
8503
8503
8503
8162
8162
8162
10427
10427
8731
8731
9378
9378
9378
8245
8245
8245
8245
8245
7944
7944
9297
9297
8705
7601
9725
9527
9527
8260
8260
8260
8260
8260
8260
8159
9370
9790
8147
8147
9404
9403
9403
7430
7351
9140
9140
9140
9443
9443
9494
10610
10706
10297
10297
9302
9302
10369
8767
7315
7467
9685
9875
10161
9186
7908
7284
8042
8042
9335
9335
8224
8224
8224
8224
8224
8881
8881
9255
9372
9372
9372
8804
8804
8804
8087
9017
8779
8691
7149
9133
9133
9937
7573
8333
8829
8829
8829
8488
8577
10213
10213
8360
10501
10501
10814
9615
8221
7263
8695
8735
9413
8999
10170
10265
10265
9376
9376
8270
8270
8270
9006
8257
8257
8622
8622
9483
10104
10091
10091
7280
8117
8464
9551
9462
8790
8790
10164
8305
8305
9706
9799
7494
8628
10092
9415
9415
9415
9415
9415
8959
8959
8657
8657
8657
9278
10286
10536
7385
7856
7856
10340
10340
8484
8484
8223
8223
8002
7082
7365
7365
7365
8778
9653
9190
8155
8617
8617
8617
8617
9202
9202
9202
9326
9326
9326
9326
9326
9609
9609
9609
9092
9092
8000
8812
10043
10329
10329
9183
9183
9183
8188
8166
9286
8322
8322
8322
8322
8322
8322
8322
8322
9631
8208
8054
8054
7710
9393
8495
8495
10450
9065
9065
9107
9107
9107
10229
10229
8353
9315
8499
8499
8499
8997
8997
7994
8236
8236
8466
8466
8285
9424
8720
9075
9075
9075
10696
7962
8715
8152
8152
9639
8234
9282
10666
8195
8195
8195
8109
8218
8218
8075
10260
8977
8977
9530
8061
9019
9811
9811
10422
10689
8357
7993
9634
9634
8711
8711
10201
8574
8401
10225
7318
9258
7094
8458
8458
9078
9078
9917
8306
9855
9892
8489
8336
8336
10516
9514
9514
9482
8496
8902
8244
8244
9152
9152
9152
9152
8330
8330
9340
9340
9340
8341
8341
8341
8382
8382
8796
8796
8328
9242
9606
9633
9633
9633
10592
8821
8821
7328
8941
8941
8941
9068
9517
9517
9070
9070
7352
9085
9085
9085
7500
7500
7500
9877
8818
8818
8818
10281
10281
10057
10057
8916
9817
8194
8194
8194
7504
8203
7756
7756
8089
8089
8089
8089
9978
9978
8443
9250
8849
8976
8976
9341
9341
9341
8506
8219
8219
7262
10568
10141
10141
10141
10141
9840
8200
8200
8200
8200
7452
7951
10735
9956
9536
9536
9536
9178
8181
8181
8838
7892
7892
7617
8388
9568
10044
7963
8136
8136
7815
7907
7356
7356
9518
7173
7173
9034
9703
8824
8828
8828
8828
8828
10436
9682
9073
9245
9245
9245
9029
8381
8381
9888
9601
7593
11306
8036
8510
7051
8469
8469
10026
7838
7980
8263
8263
8263
8263
8551
8551
8668
8532
8665
8882
8146
8146
7745
8820
9067
9067
9067
9055
9219
9030
9642
10630
7920
8835
8835
8835
8835
8102
9064
9064
7358
7358
9359
10002
7419
7419
8249
8338
8940
8940
11448
9395
9395
9395
8128
8544
8544
8400
8400
8400
8658
8658
8946
8113
8938
7976
7976
8232
8232
8232
8232
8302
7741
9134
9134
9134
7597
9293
9293
9402
9402
9579
9579
9579
8878
8878
8878
8411
9317
10423
10423
9425
7768
7768
7768
8623
8623
7257
7953
7953
9206
9209
9209
8487
8613
7758
8076
7723
8020
8020
8650
8650
8650
10051
7621
7621
9523
7392
7188
9342
9044
9044
9044
9044
9044
8572
9557
9557
9557
11307
10635
8441
9435
9435
7118
10720
8981
8034
8034
9201
9201
9201
9201
9201
9201
10607
9727
7206
9224
8935
8935
7859
7913
8028
8028
8028
7199
9036
8480
10693
7514
7514
10410
9638
9638
8840
8840
10243
8884
8884
8884
8064
8064
8064
8064
8064
9127
9624
9624
8638
10249
10249
8046
8046
8046
9139
10023
9069
9069
8243
8220
8220
8220
8220
10033
9148
9148
7415
8481
7223
8831
8831
9553
9379
8926
8969
8098
11340
8968
8968
8771
11503
8597
8124
8615
8615
8615
8615
10389
8866
8866
10855
8751
8832
10284
9592
10670
8140
7354
10408
10408
8956
8956
8956
8956
7553
9803
8281
7252
9355
9168
9351
9351
8684
8684
8684
8684
8684
9184
9184
8765
8765
9160
9874
8700
8883
8883
10309
10412
8527
10202
7299
9418
9418
9418
9478
7420
7420
8507
9274
7450
9432
9357
9357
9357
9357
9357
8073
8073
8746
8869
7062
8526
8526
7793
8811
8713
9243
9243
7661
10578
10236
9099
9099
8797
8797
8797
8797
9126
9002
9002
9002
9002
7678
10639
8730
8730
8730
9422
10576
8512
8133
8133
8133
8133
7179
8800
8800
8800
10572
10124
10124
8914
8914
8914
8855
8855
11277
9889
8514
8068
8228
10285
10285
8246
8171
8171
9200
8766
8766
8766
8766
8766
8144
7839
8425
8425
8425
8177
8988
10585
9141
9141
9141
8308
8308
8308
8308
9177
9655
9655
10212
8041
8041
10409
9641
9641
8867
8867
8867
9059
9059
8448
9087
9333
8122
8122
11426
8582
8582
8413
8744
8744
8744
8744
9427
9427
10698
8156
8156
8639
9966
8271
10417
10417
8918
8918
9470
8906
8906
8906
8947
8947
8947
8947
8947
7911
8004
9273
9918
10016
10016
10016
9169
8688
8688
8688
8688
8267
8267
8267
8267
8267
8267
8699
8699
8595
8342
8342
8342
8342
8342
8342
8342
8342
9849
9387
8783
8189
8189
8018
10372
10372
8311
8311
8311
8311
9375
9375
10097
7520
9406
9406
8070
9503
9089
9320
9320
9887
8772
8772
8772
8274
8274
8274
8274
8274
8266
7100
8556
8556
8806
8806
8292
8292
8292
8292
10188
11544
8714
8082
8493
9547
9547
7798
9519
10135
10155
9939
9969
9285
7347
7757
8601
10664
8666
8805
8805
8805
7403
9659
10807
8092
8092
8199
8199
8973
8973
8973
9350
8470
11770
8813
8813
9076
8403
8780
8780
8780
8780
7910
8049
8049
10359
8736
8095
8095
11312
7313
8564
8508
9552
9401
9129
9129
10122
10122
9021
9021
9021
7399
8389
9165
11843
9730
8723
8723
10992
9082
9082
9082
8651
8651
8784
8784
7885
9423
9423
10180
10180
8287
8453
9958
9337
9337
9337
9337
7093
7093
11563
8083
8083
7498
9539
8721
7516
8078
9942
9942
8170
8170
8084
9437
9437
9437
8872
8872
8524
9561
9561
8275
8275
8275
8275
8275
8275
9361
9361
9411
8745
8745
10228
8479
8939
10296
8955
8955
8439
10426
9396
10288
8276
8276
8276
8276
10448
8349
8190
8809
8809
8729
8729
10067
9305
8964
9331
9331
7709
9773
8204
8724
8724
7307
9508
9508
8450
7447
9480
9480
8331
8331
8331
8331
8331
8331
9108
9121
9121
8009
8060
9008
8807
9486
8930
8930
7532
8517
8517
7730
8511
8586
8586
8586
9957
8374
8374
8374
10313
7855
9007
10089
9456
9859
7979
7979
7979
8759
8759
8759
10487
9673
9921
8550
9430
9430
8141
8799
8174
8294
8294
8294
8492
10117
8680
8680
8680
8680
9358
9358
9358
9358
11157
8329
7896
7896
8905
7717
9476
10203
8530
9930
11186
8385
7397
7375
8944
11116
9487
9487
9569
7057
9332
11255
7250
9266
8590
9666
8901
8901
8901
9336
9336
9336
9336
9336
8455
8455
8794
8794
8768
8768
9132
9132
8588
7662
8371
8371
8371
8371
8465
8826
8826
8826
8066
8066
9191
7156
7844
8289
8039
9447
9447
9447
9447
9447
9447
9058
8864
8864
8864
9467
9467
9467
8770
8770
9175
8323
7508
8844
8303
8303
8303
7412
7412
9339
11224
8225
8225
8737
8737
8621
7471
9554
8992
8992
8304
8706
9114
10080
8632
8632
8632
8632
8319
8319
8319
8667
7052
10058
8709
10159
8843
8819
10385
10504
10217
8743
8743
8743
8672
9789
10078
9442
10577
8777
8777
8777
9077
8974
8974
8974
8739
8739
9241
9241
9241
7549
8521
9645
8482
8482
8482
8885
9300
9525
9382
9382
7458
8003
8003
7192
8967
8967
8967
8967
8967
8913
9417
9417
9142
7282
7282
8457
8217
8217
8013
8889
8889
8889
9311
9362
8255
8255
7120
9022
8782
8782
8782
7676
9754
10485
9161
9161
8172
8172
8172
8172
9672
9672
8861
8861
8966
8116
8116
7956
9363
9363
9363
9363
9363
8937
8937
8937
8937
8139
9181
9181
7720
9210
8580
8580
8710
9015
9015
7842
8288
8288
9475
8151
10718
9589
8763
8763
8763
8763
10713
9347
9347
9584
8043
9080
9304
8436
8436
8936
7668
8546
8560
8161
9563
9563
9946
9946
9122
9102
9102
8093
8093
7291
7639
7364
10274
8584
9039
9039
9229
9229
9229
8575
10100
10136
9637
8340
10433
9587
9824
11300
7394
9975
7931
8248
8134
8375
8375
9033
9033
9033
8509
8509
8467
8467
8467
8957
8679
8679
9270
7089
8850
9644
8534
8616
8616
8616
9207
8378
8378
8378
9016
8756
8825
8825
9060
9060
10327
8962
8962
8962
9360
9106
9106
9106
8301
9804
7368
9280
9280
9280
9280
8235
8235
8235
8235
8235
10007
7501
10107
10125
8854
8854
7085
7561
8129
8129
9444
8722
8722
8722
9325
9325
8182
8182
9179
9179
9179
7236
8254
8254
8254
9391
9391
9391
8712
8712
8346
8346
9757
10633
10631
9881
9881
9296
9279
10216
8125
8694
7335
7335
7335
9344
9344
8602
8549
8549
9381
9381
9381
10441
9157
9157
9434
7653
8815
8815
8815
8037
8269
8269
10277
9263
9263
8868
8868
10261
9072
10638
7584
9338
9338
9338
9338
9338
9813
7686
8594
8594
8396
8396
8396
8396
8286
8286
8286
8286
7830
7889
8016
8016
8991
8991
8653
9466
8132
8132
8132
10156
9330
8264
8264
8264
8264
8264
8579
9865
7983
9611
8871
8686
8686
8215
8215
8960
8033
8033
8033
10682
7515
8604
9172
9367
9128
8764
10556
10556
7444
10574
8853
8853
8853
7778
8197
8513
8900
8900
8846
9298
10746
8365
9490
9261
9217
9684
8891
8891
8891
8891
8891
9473
9473
8836
7800
10446
9408
9408
10103
9235
9235
9235
9180
9180
9605
8837
8837
8193
8193
8193
9990
9260
8216
8216
11196
10301
10301
8591
8307
8307
8307
8307
8307
8307
8307
8307
7809
9218
9218
9218
9218
7246
7246
8362
8660
8077
7332
8474
8915
8915
9032
9032
9032
9885
9885
9885
9399
9399
9399
8786
9619
9619
8707
8707
9607
9450
9450
9365
9365
9365
8505
8505
11161
8912
8912
7762
9384
9384
7523
10345
8750
8750
8750
8296
8296
8296
8296
10454
10454
8755
8755
8755
9390
9390
8490
8752
8752
8298
8298
8298
8298
8298
9574
8160
7882
8377
7833
7833
10085
10085
10085
8367
8367
8367
8725
9257
9257
9257
8165
8165
8180
8180
10019
10019
8865
8865
8611
8611
8611
8785
8785
8402
7991
7991
9203
8998
9170
9170
11314
8326
8326
10088
10088
8603
8603
9643
9643
9577
10619
10619
11361
8279
8279
7794
7417
7417
9906
8877
8877
8877
9252
9252
8661
8661
9182
9182
7874
7157
9967
8231
8231
7087
10113
10113
8540
8247
7195
10398
9343
9343
9343
9343
7986
9321
9321
7610
8607
8607
9866
8185
10131
9774
10162
10169
8361
8361
8432
8432
8717
8017
7413
8164
8164
8798
8798
8852
8852
7261
7261
11352
8863
8863
10885
9349
10192
10370
9385
9385
9385
9385
8310
8310
8310
8127
7395
10259
8932
8932
8932
8961
8961
8961
8961
8961
8641
8895
8895
10402
8447
8202
8202
8202
8202
8202
8740
8740
9556
9902
9018
9018
9268
9463
9463
9664
9828
7805
10224
10224
9894
9400
9400
9004
9004
8130
8791
8791
8149
8149
8335
8335
8335
8945
8945
10128
8624
8635
8635
7779
7779
8793
8793
8110
7380
10241
7683
9204
9204
8299
8299
8299
8325
8325
10584
10084
10895
9576
8909
8909
8909
8909
8449
8928
