5954
6400
6400
3291
5936
5936
6123
6123
5801
5544
4441
5306
6206
6206
6120
6014
5593
6156
3317
6218
5981
5178
5761
5783
6060
6060
5548
5763
5763
6421
6421
4475
6132
6419
5986
5867
6439
6439
6439
4734
6589
6385
6385
6097
6313
4338
6428
6429
6539
6006
6006
6006
6006
6006
5614
5614
6140
6140
6098
5595
6105
6105
6194
6194
5891
5891
5891
5999
5999
5999
5999
5999
3681
6210
6210
5816
5816
5778
6504
6504
6504
6538
6152
6152
6141
5889
5889
5624
6424
6424
6424
6424
6424
6139
6485
6485
6375
6375
6092
6092
5405
5785
5785
6040
6040
6464
6464
6157
6157
5705
5705
6135
6135
6135
6135
5610
6265
6265
6238
6238
5853
6430
5979
5970
5970
5909
5909
6267
5910
5910
5910
6254
6254
5603
6183
6316
6459
6262
6111
5535
5327
6435
6029
6029
6029
6029
5861
3935
5952
6355
6355
6489
6489
6489
6489
5830
5873
6138
6138
6138
6441
6441
4012
6129
5875
6176
6128
6128
6025
6025
6112
6548
5637
5637
5571
6102
6102
5985
6078
6229
3631
6024
6024
6556
5912
5912
6395
6395
6395
5917
5917
5810
5443
5720
5921
5402
5845
6453
6453
6531
5780
5780
5780
6402
6541
5569
6122
6122
6122
5774
6414
5976
5944
5944
6318
6318
6390
6390
6390
6019
6019
6019
5435
4017
6041
5901
6261
5645
5645
5618
5618
5618
5618
5798
5798
6544
5803
6227
6227
6227
5577
6172
5599
5599
6232
6275
6275
6275
6275
5913
5913
5913
5524
6197
6361
6361
6361
6361
6361
6039
5904
6560
6168
5795
6224
6224
5750
5750
5467
5989
5989
5615
6494
5821
6358
6358
5777
6154
6154
4535
6452
6452
6452
6452
6452
6452
5418
5932
5932
5454
5454
6023
5971
5847
4510
6469
5805
5513
6107
6107
4371
5786
5786
6444
6444
6444
6444
5927
5995
5995
5995
5995
6384
6384
5384
4149
6305
6305
6305
6239
6108
6108
6108
6108
6518
6518
6159
6159
6159
6159
6377
6377
6377
5930
5930
6483
6483
6000
5677
6481
6481
6481
5731
5414
5414
5373
5373
5762
6477
6477
6379
6379
6379
6379
6512
6315
6260
5703
5463
6362
6362
6362
6362
6205
6324
6308
6287
6057
4177
4177
5453
5660
6180
5966
5713
5664
5588
6479
6479
6479
6479
5888
5651
5346
5416
6341
5484
6454
6454
6498
6412
5632
5632
5146
6116
6116
6593
5797
6048
6048
6334
6353
5738
5392
3716
5350
5992
6450
6450
6450
6450
6450
6488
5813
5813
5813
5686
6214
6274
5773
5773
6070
6266
6266
6474
6474
6474
6474
6110
5957
5957
5629
5629
5671
5420
6307
5661
6160
6076
5480
6337
5902
5802
6016
6054
6420
6420
6420
6349
6349
6349
5709
5709
6405
6583
6161
6492
5886
5886
6223
6234
6234
6234
6234
4787
5723
6511
6117
6117
6117
5672
5672
6398
6398
4309
6423
6423
6423
6423
5398
5398
5398
6399
6399
6399
6380
6380
6192
5870
6383
6383
6383
5893
5893
5893
6220
6505
6272
6272
6026
6417
6417
6417
6417
6475
6475
6513
6371
6432
6432
6408
6408
6408
5869
5869
5649
6137
5537
6231
6231
6231
6231
5784
5658
5658
6520
6145
6145
6145
5470
5864
5864
6478
6478
5725
5451
5451
6396
6396
6396
5823
6134
6134
6134
6134
5372
5372
5583
5605
5605
5978
6588
6514
6514
6187
6476
6476
6476
6476
5984
5984
6443
6443
6443
6443
6443
6443
6443
6300
5695
6280
5929
5929
6350
6350
6350
6174
5665
5665
5903
6061
6436
6436
6251
6251
5906
5517
5650
3909
5719
4617
6446
6446
6501
6501
5898
5898
5383
5383
4711
3266
6484
6484
6484
6484
6148
6148
6331
6366
6366
5634
5634
6284
6233
6124
6124
5849
5809
5543
5543
5175
6088
6088
5018
5631
6292
5918
6500
6500
6036
4672
6522
6106
6106
6106
6401
6401
6401
6401
6401
6126
3398
6246
6246
5965
5965
6426
6426
6426
6052
5926
5926
5926
5926
6364
6364
6364
5655
5655
6470
6470
6109
6109
6003
5007
6407
6407
6072
5819
5819
5574
5640
5680
5680
5680
5265
6113
6113
5625
5625
6143
6143
6143
6037
6077
6591
6250
6250
5940
5940
6463
6463
6463
6463
5961
6058
5863
5863
5931
5931
5388
6321
6321
6569
6091
6091
6411
6211
6211
5504
5412
5639
6343
5975
5975
5975
5975
6344
6344
6344
6344
5881
6363
6493
6493
6493
6491
6491
6491
6491
6491
6491
4932
5807
5648
5432
6065
4201
6049
6125
6125
6125
6125
3547
4105
6471
6471
6471
6471
5922
5922
6096
6096
5799
5799
6144
6144
5400
6456
6456
6456
6499
5355
5355
5977
5977
5977
5977
5990
5990
4690
6226
5366
5415
5827
6370
6370
5988
5900
5900
6533
5937
5937
5919
5919
6572
6462
6462
6462
6291
6373
6373
6303
6342
6342
6142
6142
5526
5526
5666
6360
6360
6360
6062
6209
6209
5628
5628
6496
5879
5792
6397
6008
6008
6008
6008
6527
3468
5972
5972
5972
5806
6550
5955
5955
6119
6413
5793
5793
4665
5475
5949
5949
5949
5949
6215
5448
6021
6021
6064
6086
6086
6086
5365
6248
6146
6146
6525
6010
5580
6011
5899
5899
5899
5982
5982
5982
5982
6181
6181
6181
6059
5924
5924
5791
5892
6163
3868
6448
6448
6448
5636
5636
5291
5770
5974
5277
5474
5474
5706
5633
6410
6332
6332
5872
5872
6038
6038
6038
6440
6440
6440
6281
6281
5394
4577
6068
6068
6203
6005
6005
4543
5478
5711
5711
5711
3230
6069
6069
4219
6467
6467
6467
6007
6007
6007
5545
4800
5433
6507
6507
6507
6507
6487
6487
5796
5796
5796
5796
5678
5546
5546
6425
6425
6425
6425
6094
5765
5920
5920
5920
5566
5608
6264
5446
5767
6022
6465
5839
6185
6185
6185
5690
6259
6378
5959
6347
6347
4886
6404
6404
5701
6155
6155
6415
6415
6415
6415
4889
6437
6179
6524
5657
5657
5657
5654
6177
6177
6177
6442
6442
5860
6082
6115
5755
5755
5818
6212
5946
5946
6080
5413
6369
6369
5722
5722
5722
5585
6482
6335
6085
6085
6085
6451
6451
6451
6451
6451
6451
5967
5967
6079
6066
6066
6066
5950
6136
6136
6461
6461
6461
4128
5641
5814
5836
5998
6552
5090
5757
6153
6497
6497
6497
6497
5698
6460
6460
6460
6460
5619
5746
4249
6359
6359
6359
6359
6002
5594
5594
5425
6409
6409
6367
5956
5956
5956
6278
5737
6056
6056
6067
5840
6051
6457
6457
6457
6457
6457
6457
6457
5851
4292
5890
6131
6131
6480
6480
6216
6216
6216
6216
5871
5960
5960
6133
6133
5549
5549
6121
5969
5969
5969
5728
5817
5817
4423
6445
6445
6392
6392
6213
6213
6015
6015
6015
5951
5916
5916
5838
5838
6418
6418
3781
6297
6323
6455
6455
6198
6196
5518
6458
6458
6458
6458
6458
6127
5947
5947
5947
5947
5973
6449
6449
6526
4487
6202
6202
5787
6290
6290
5963
5963
5963
5963
5963
5876
5684
5573
5573
6200
6447
6447
6045
5600
5600
6381
5607
5895
5842
6330
5683
6151
6151
6386
5597
5256
5687
5670
6535
5214
6083
6427
6427
6427
6427
6427
6427
5962
5962
5896
5911
5857
5857
5923
6566
6285
6285
6285
6438
6438
6438
6438
6438
6438
6438
6438
5407
6357
6486
5987
5987
5987
5987
5598
5598
6473
3237
5062
6081
6081
5391
6422
6422
6422
6422
6422
5800
5800
5800
6561
5983
5983
5663
5939
6221
6235
6368
6368
6368
6393
6393
6207
6289
5714
3173
5850
6171
5790
5494
3553
3441
5945
5945
5945
5685
5685
6564
6495
6103
5410
6394
5874
5874
6256
6434
5727
6047
6047
5905
5905
5401
5996
5996
5996
6433
6433
6095
6017
6017
5804
6580
6543
6543
5635
6169
6568
5958
4354
5552
6551
6352
6503
5387
5387
6490
6490
6490
6263
6263
6293
6201
5673
6387
6387
5359
6338
4390
5964
5964
