8093
8093
8093
7806
7806
7806
7381
7381
7381
7381
7381
7381
7549
7549
7544
7544
7544
7544
7544
7544
7544
7544
7544
7544
6861
6861
6861
6861
6861
6861
8512
8156
8156
7231
7231
7231
7231
8471
7384
7384
7384
6724
6724
7667
7667
7667
7667
7667
7667
7667
6864
6864
6864
6864
6864
6864
6864
6864
6864
6864
8199
7196
7196
7196
7196
7949
7949
7949
6918
6918
6918
6918
6918
6918
6918
6918
6918
8238
7856
7856
7856
7856
8301
8446
7210
7210
7210
7210
7487
7487
7487
7487
7487
7487
7487
8140
8140
8140
8168
8018
8018
8018
7687
7687
7687
7687
7687
7687
7415
7415
7415
7415
7058
7058
7058
7058
7324
7324
7324
7324
7324
7047
7047
7047
7047
7047
7047
7047
7627
7627
7627
7627
7627
7627
8078
8078
7699
7699
7699
7699
7699
7699
7699
7699
7996
7996
7810
7810
7810
7810
8258
8258
6748
6748
6748
6748
6748
6748
6748
6748
6748
7691
7691
7691
7691
7691
7691
7691
7698
7698
7698
7698
7698
7654
7654
8090
8090
7044
7044
7044
7044
7044
7044
8454
7395
7395
7395
7395
7374
7374
7374
7374
7374
7223
7223
7223
7223
7223
7223
7223
7223
7025
7025
7025
7025
7025
7025
7025
7025
7025
6816
6816
6816
6816
6816
6816
6816
6816
6816
6816
6816
7305
7305
7305
7305
7957
6964
6964
6964
6964
6964
6964
6964
8433
7314
7314
7314
7314
7314
7020
7020
7020
7020
7020
7020
7020
7020
8180
7980
7980
6880
6880
6880
6880
6880
6880
8356
7017
7017
8176
6912
6912
6912
6912
6912
6912
6912
6912
7303
7303
7303
7649
7649
7649
7649
8412
7659
7659
7659
7659
7659
7659
7659
7659
7659
8159
7770
7770
7770
7770
7770
7770
7770
7252
7252
7252
6790
6790
6790
6790
6790
6790
6790
6790
6790
6790
7616
7616
7616
8045
8045
8045
6782
6782
7424
7424
7424
7424
7424
6746
6746
6746
7308
7308
7308
7308
7308
7308
7730
7730
7730
8057
8057
8057
8259
7128
7128
7128
7440
7440
7440
7440
8128
8128
8128
8128
7857
7857
7857
7857
7857
7857
7855
7855
7622
7622
7622
7622
7622
7622
6847
6847
6847
6847
6847
6847
6847
6847
6847
7437
7437
7437
7437
7437
7437
7437
7437
7437
7310
7310
7310
7310
7310
7310
7686
7686
7686
7686
7686
7686
7682
7682
7682
7682
6836
6836
6836
6836
6836
6836
6836
6836
6836
6836
6836
6836
6836
6836
7763
7763
7917
7917
8407
7457
7457
7457
7457
7457
7457
7457
7457
8108
7625
7625
7625
7455
7455
6906
6906
6906
6906
6906
6906
7540
7540
7540
7540
7540
7540
7540
7540
7540
7540
7540
7524
7726
7726
7726
7726
7726
7492
7492
7492
7492
7492
7492
7492
7638
7638
7638
7638
7638
7638
7638
7638
7334
7334
7334
6783
6783
6783
6783
6783
6783
6783
6783
7863
7863
7863
7863
7281
7281
7281
7026
7026
7026
7026
7026
8387
7593
7593
7593
7593
7593
7593
6883
6883
6883
6883
6883
6883
6883
6911
6911
6911
6911
6911
6911
6911
7232
7232
7232
7232
7232
7232
7600
7600
7600
7600
7989
7989
7643
7643
7643
7643
7643
7175
7175
7175
7175
7175
7175
8029
8029
8029
6760
6760
6760
6760
6760
6760
6760
7448
7448
7448
7448
7448
7448
7375
7375
7902
7902
7902
7902
7902
7769
7769
7769
7769
6765
6765
6765
6765
6765
6765
6765
6765
6765
6765
8028
6779
6779
6779
6779
6779
6779
6779
6779
6779
6779
6779
7795
7795
8227
8227
8227
6804
6804
6804
6804
6804
6804
6804
6804
6804
6804
6804
7773
7773
7773
7773
7179
7179
7179
7179
6936
6936
6936
6936
6936
6936
6936
6936
6936
7238
7238
7238
7238
7238
7238
7736
7736
7736
7972
7972
7750
7750
7750
7789
7789
7789
7789
7789
8234
7484
7484
7484
7484
7812
7812
7664
7664
7664
7664
7664
7664
6890
6890
6890
6890
6890
6890
6890
6890
6890
6890
6715
6715
6715
6715
6715
8091
8091
7780
7780
7780
7780
7780
8272
7915
7915
7915
7233
7233
7233
7233
7233
7233
6881
6881
6881
6881
6881
6881
6881
6881
7906
7906
7507
7507
7507
7216
7216
7216
7216
7216
7216
7271
7271
7271
7271
7271
7312
7312
7312
7312
7312
8120
7251
7251
7251
7251
7274
7274
7274
7274
7274
7274
7274
7116
7116
7116
7116
7116
7116
7116
7116
8263
8263
7570
7570
7570
7570
7207
7207
7207
7207
7207
8165
7141
7141
7141
7141
7141
7141
7141
7141
7617
7617
7617
7617
7617
7617
7617
7617
8676
7732
7732
7352
7352
7352
7352
7352
7352
7352
7285
7285
7285
7285
7285
7285
7285
7285
7916
8095
6690
7501
7501
7501
7501
7501
7160
7160
7160
7160
6796
6796
6796
6796
6796
6796
6796
6796
8131
8131
7119
7119
7119
6749
6749
6749
6749
7707
7707
7707
7707
7707
7707
7707
8223
8223
8111
8050
8050
8050
8651
6698
6698
6698
8392
8007
8007
8262
8262
7283
7283
7283
7283
7283
8214
8214
7476
7476
7476
7057
7057
7057
7634
7634
7634
7634
8250
8196
7139
7139
7139
7139
7139
7139
7012
7012
7012
7012
7012
7012
7012
7012
7012
7970
8163
7922
7922
7475
7475
7475
7475
7475
7475
8405
8405
7358
7358
7358
7358
7358
7461
7461
7461
7461
7461
7461
8280
7107
7107
7114
7114
7114
7114
7479
7479
7479
7479
7479
7479
7479
7479
7479
7479
6902
6902
6902
6902
6902
6902
6902
6902
7705
7705
7705
7705
7705
7705
7705
7705
6929
6929
6929
6929
6929
6929
6929
6929
6929
6929
6929
6929
6929
7876
6824
6824
6824
6824
6824
6824
6824
6824
6824
6824
6824
6824
7368
7368
7368
7368
7368
7368
7510
7510
7510
7510
7510
7510
7510
7818
7818
7818
7818
6917
6917
6917
6917
6917
6917
6917
7399
7399
7399
7399
7399
7399
7399
7399
7399
8522
7903
7903
7903
7077
7077
7077
7077
7077
7077
8079
6717
6717
6717
6717
6717
6986
6986
6986
6986
6986
6986
6986
6986
6986
7905
7905
7905
6974
6974
6974
6974
6974
6974
6974
7498
7498
7498
7498
7149
7149
7149
7149
7149
7149
7149
7777
7777
7777
7777
7777
6949
6949
6949
6949
6949
6949
6949
6949
6949
7629
6903
6903
6903
6903
6903
6903
6903
6903
6903
6903
6903
6903
6903
6903
7804
7804
7804
7672
7672
7672
7672
7672
7672
7672
7672
6899
6899
6899
6899
6899
6899
6899
6899
6899
6899
6899
7508
7508
7508
7508
7508
7508
7508
7890
7890
7890
7890
7890
8279
8279
6778
6778
6778
6778
6778
6778
7864
7864
7864
7908
7908
7028
7028
7028
7028
8436
6736
6736
6736
6736
6736
7174
7174
7174
7174
6991
6991
6991
6991
6991
6991
6991
6991
7326
7326
7326
7326
7326
8331
7792
7792
7792
7792
7792
7021
7021
7021
7021
7021
7021
6703
6956
6956
6956
6956
6956
6956
6956
6956
6956
6956
6956
7696
7696
7241
7241
7241
7241
7241
7289
7289
7289
7289
7289
7289
7289
7289
7289
7289
7217
7217
7217
7217
7217
7217
7217
7217
7490
7490
7490
7490
7490
7490
7490
7490
7490
7490
7490
7490
7490
7490
7861
7821
7821
7821
7821
7821
7075
7075
7075
7075
7356
7356
7356
7356
7356
7356
7356
7646
7646
7646
7646
7261
7261
7261
7261
7261
6842
6842
6842
6842
6842
6842
6842
6842
6842
6842
7865
7865
7865
7860
7121
7121
7121
7121
7121
7121
7349
7349
7349
7349
7349
7163
7163
7163
7163
7163
8058
8558
7353
7353
7353
7353
7353
8088
8088
7146
7146
7146
7146
7146
6940
6940
6940
6940
6940
6940
6940
6940
6940
6940
7022
7022
7022
7022
7022
7022
7022
7022
7482
7482
7482
7482
7482
7482
7482
7482
8200
6688
6688
7486
7486
7486
7486
7720
7720
7720
7720
7720
8577
7176
7176
7176
7176
7176
7176
8048
8328
7178
7178
7178
7212
7212
7212
7212
7212
7637
7637
7637
7637
7637
7637
7637
7315
7315
7315
7315
7315
7315
6827
6827
6827
6827
6827
6827
6827
6827
6827
7166
7166
7166
7166
7166
7227
7227
7227
7227
7227
8077
8077
8077
7306
7306
7306
7306
7306
7306
7306
6798
6798
6798
6798
6798
6798
6798
6798
8538
8237
7551
7551
7551
7551
7551
7551
7136
7136
7136
7136
7136
7136
7136
7136
7136
7136
8306
7011
7011
7011
7011
7011
7011
7011
6691
7109
7109
7109
8125
6794
6794
6794
6794
6794
6794
6794
7084
7084
7084
7084
8207
6856
6856
6856
6856
6856
6856
7692
7692
7692
7420
7420
7420
6993
6993
6993
6993
6993
6993
6993
7129
7129
7129
8001
8001
8001
10895
8148
8354
7364
7364
7364
7364
7364
7364
7364
7364
7364
7364
7364
8757
7781
7781
7781
7781
7781
7080
7080
7080
7080
7080
7080
7080
7080
7080
7080
6812
6812
6812
6812
6812
6812
7515
7515
7515
7515
7515
7515
7515
7515
6937
6937
6937
6937
6937
6937
6937
6937
6937
7700
7700
7700
7700
7700
7840
6966
6966
6966
6966
6966
7647
7647
7647
7647
7647
7647
7647
7647
6913
6913
6913
6913
6913
6913
6913
6913
6913
6821
6821
6821
6821
6821
6821
6821
6821
8236
7601
7601
7853
7853
7853
7853
8254
7071
7071
7071
7587
7587
7587
7587
7587
7587
7587
7587
7587
7694
7694
7694
7694
7694
7694
8702
6886
6886
6886
6886
6886
6886
6886
6886
6886
6886
6886
6886
6886
6886
7229
7229
7229
7229
7366
7366
7366
7366
7366
7366
7366
7366
7366
7366
7366
6771
6771
6771
7377
7377
7377
7377
7377
7892
7892
8327
7390
7390
7390
7390
7390
6908
6908
6908
6908
6908
6908
6908
6908
6908
8141
7037
7037
7037
7037
7295
7295
7869
8317
8317
6957
6957
6957
6957
6957
7419
7419
7419
8252
8117
7662
7662
7662
7662
7662
7662
8228
7035
7035
7035
7035
7035
7018
7018
7018
7018
7018
7018
7435
7435
7435
7435
7435
7435
7841
7841
6884
6884
6884
6884
6884
6884
6884
6884
6884
7038
7038
7038
7038
7038
7038
6787
6787
6787
6787
6787
6787
6787
7002
7002
7002
7002
7002
7002
7002
7002
7002
7002
7002
7405
7405
7405
7405
7405
7405
7104
7104
7104
7104
8760
7606
7606
7606
7606
7606
7606
6830
6830
6830
6830
7230
7230
7230
6730
6730
6833
6833
6833
6833
6833
6833
6833
6833
7019
7019
7019
7019
7019
7019
7019
7019
7019
7019
7019
7019
7505
7505
7505
7505
7505
7505
7650
7650
7103
7103
7103
7103
7103
7103
7103
7103
7914
7914
6784
6784
6784
6784
6784
6784
6784
7953
7521
7521
7379
7379
7928
7186
7186
7186
7186
7186
7186
7186
7186
7961
8211
8211
8211
7135
7135
7135
7135
10202
8013
8013
8013
8013
8013
8013
6972
6972
6972
6972
6972
6972
6972
8160
8160
8160
7024
7024
7024
7024
7024
8215
8215
6770
6770
6770
6770
6770
6770
6770
6770
6770
7514
7514
7514
7514
7514
7514
6845
6845
6845
6845
6845
6845
6845
6845
6845
7297
7297
7297
7297
7297
7297
7171
7171
7171
7171
7171
7171
7321
7321
7321
7373
7373
7573
7573
7573
7573
7713
7713
7713
7713
7713
6954
6954
6954
6954
6954
6954
6954
6954
6954
7101
7101
7101
7101
8403
8201
7331
7331
7331
7331
7826
7826
7615
7615
7615
7615
7615
7615
7615
7615
7615
8069
8069
6950
6950
6950
6950
6950
6950
6950
6950
6950
6950
6950
6904
6904
6904
6904
6904
6904
6904
6904
6904
7239
7239
7239
7239
7239
7239
7758
7758
8164
7112
7112
7112
7112
7112
7112
7478
7478
7478
7478
7478
7478
7478
7478
8070
8070
8109
8109
7219
7219
7219
7219
7219
7105
7105
7105
7105
7105
7105
7105
8012
8012
8012
8012
8012
8012
7929
7243
7243
7243
7243
7243
7243
7243
7243
7520
7520
7520
7520
7520
7520
7520
7520
7520
7520
7287
7287
7287
7287
7287
7287
7287
7626
7626
7626
7626
7626
7626
8450
7766
7766
7766
7766
7766
7766
7766
8267
8067
8067
8067
7733
7733
7733
7733
7004
7004
7004
7004
7004
7004
7004
7004
7004
7181
7181
7181
7181
7181
7181
7181
7181
7181
7591
7591
7591
7591
7591
7591
7591
7214
7214
7214
7214
7214
7214
7214
7214
7264
7264
7264
7264
7641
7641
7641
7641
7641
7641
7641
7641
7641
7382
7382
7382
7382
7382
7382
7382
7382
7382
8465
7556
7556
6988
6988
6988
6988
6988
6988
6988
6988
7939
7939
7939
8315
8185
8185
8185
8185
7159
7159
7159
7159
7159
7159
7747
7747
7747
7747
7870
7870
7870
6813
6813
6813
6813
6813
6813
6813
7568
7568
7568
7568
7568
6999
6999
6999
6999
6999
6999
8054
8054
8370
7051
7051
7051
7051
7051
7051
7051
7051
7051
7584
7584
7584
7584
7584
7975
7183
7183
7183
7183
7183
7183
7183
7183
6820
6820
6820
6820
6820
6820
6820
6732
6732
6732
7794
7794
7794
7794
7794
7715
7715
7715
7715
7715
7715
7715
7715
7715
7775
7775
7775
7775
7031
7031
7031
7031
7031
7031
7031
7031
7031
7031
7031
7066
7066
7066
7066
6927
6927
6927
6927
6927
8255
8083
8083
8083
8083
8083
8083
8037
7245
7245
7245
7245
7245
7245
7245
7245
7245
8055
8055
7883
7883
7883
7711
7711
7711
7711
7711
6817
6817
6817
6817
6817
6817
7764
7764
7764
7764
7049
7049
7049
7049
7049
7049
7049
7657
7657
7657
7657
7657
6758
6758
6758
6758
6758
7205
7205
7205
7205
6867
6867
6867
6867
6867
6867
6867
6973
6973
6973
6973
6973
6973
6973
6973
6973
8047
8047
7790
7790
7790
7790
7790
7790
7790
6897
6897
6897
6897
6897
6897
6897
6897
6897
6897
6897
6897
7380
7380
7380
7380
7380
8818
7088
7088
7088
7088
7088
7088
7088
7470
7470
7470
7270
7270
7270
7270
7270
6766
6766
6766
6766
6766
6766
7988
7702
7702
7702
7702
7702
7702
7005
7005
7005
8172
8638
7518
7518
7518
7518
7518
7518
7518
7518
6786
6786
6786
6786
7225
7225
7225
7225
7225
7899
7899
7899
7899
7823
7823
7823
7302
7302
7302
7302
7302
7302
8399
7072
7072
7072
7072
7072
7072
7072
7009
7009
7009
7009
7009
7009
7127
7127
7127
7127
7127
7127
7127
7623
7623
7623
7623
7189
7189
7189
7237
7237
7237
7237
7237
7824
7824
7126
7126
7126
7372
7372
7372
7372
7976
8009
8396
7904
7904
7904
7677
7677
7677
7316
7316
7316
7316
7316
7316
7316
7316
8441
7802
7802
7802
7093
7093
7093
7093
7093
7093
7093
7093
7531
7531
7531
7531
7531
7531
7746
7746
7746
7746
8032
8032
8032
8032
7936
7427
7427
7427
7427
7427
7427
7427
7427
8309
8309
8309
7434
7434
7434
7434
7434
7434
7783
7783
7783
7783
7783
7783
7783
7783
6879
6879
6879
6879
6879
6879
6879
6879
6879
6879
6879
7803
7803
7969
7969
7969
7969
7569
6998
6998
6998
6998
6998
6998
6998
6998
7852
7852
6785
6785
6785
6785
6785
6785
6785
8022
8022
8022
8022
7335
7335
7335
7335
7335
7335
7335
7335
7609
7609
7609
7609
7609
7609
7609
7609
7609
6977
6977
6977
7912
7912
7912
7118
7118
7118
7118
7118
7118
7118
7118
8235
8235
7867
7867
7539
7539
7539
7539
7539
7539
7539
7539
7859
7859
7859
7859
6868
6868
6868
6868
6868
6868
6868
6931
6840
6840
6840
6840
6840
6840
6840
6840
6840
6840
7134
7134
7134
7063
7063
7063
7063
7063
8121
8121
8121
8121
7583
7583
7583
7583
7197
7197
7197
7197
7197
7197
7197
7839
7839
7839
7760
7760
7760
8231
7407
7407
7407
7407
7407
7407
7407
8919
7185
7185
7185
7185
7185
7185
7249
7249
7249
7249
7043
7043
7043
7043
7043
7043
7562
7562
7562
7562
7562
7562
7562
6755
6755
8640
7385
7385
7385
7385
7385
7385
7527
7527
7527
7527
8039
6900
6900
6900
6900
6900
6900
6900
6900
6900
6900
6887
6887
6887
6887
6887
6887
6887
6887
6887
6887
6887
6887
7048
7048
7048
7721
7721
7721
7721
7721
7403
7403
8098
7050
7050
7050
7050
7050
9009
7400
7400
7400
7400
7400
7400
7400
7400
8330
6983
6983
6983
6983
6983
6983
6983
6983
6983
6983
7304
7304
7304
7304
7757
7757
7757
7757
7757
7757
8205
8205
7060
7060
7978
7978
6945
6945
6945
6945
6945
6945
6945
6945
6945
6945
6945
6945
7756
7756
7756
7756
7065
7065
7065
7065
7065
7065
7065
7065
7065
6793
6793
6793
6793
6793
6793
7911
7911
7911
7354
7354
7354
6750
6750
6750
6750
6750
7449
7449
7449
7449
7543
7543
7543
7543
7543
7665
7665
7665
8150
8135
8135
8135
7336
7336
7336
7336
7336
7336
7336
7336
7336
7336
6963
6963
6963
6963
6963
6963
6963
6963
6963
7090
7090
7090
7090
7090
7244
7244
7244
7244
7244
7244
7244
7244
7244
7173
7173
7113
7113
7113
7113
8008
8008
8008
6799
6799
6799
6799
6799
6799
6799
6799
6799
6799
6799
7211
7211
7211
7211
7211
7211
7211
7211
7464
7464
7464
7464
7464
7464
7464
7464
6959
6959
6959
6959
6959
6959
6959
6959
6959
7040
7040
7040
7040
7040
7040
7040
7040
7040
7040
7831
7831
7831
7831
6756
6756
6756
6756
7678
7678
7678
7678
7678
7678
7678
9004
7167
7167
7167
7167
7167
7167
7167
7167
7167
7167
7120
7120
7120
6859
6859
6859
6859
6859
8206
6942
6942
6942
6942
6942
6942
6942
6942
8593
7204
7968
7968
7968
7934
8221
8118
8118
8118
6895
6895
6895
6895
6895
6895
6895
6895
6895
6895
6895
7754
7754
7754
7754
7754
6781
6781
6781
6781
6781
7039
7039
7039
7039
7039
7039
7039
7039
7039
7039
8036
6924
6924
6924
6924
6924
6924
6924
6924
6924
6924
6924
6924
6702
6702
6702
6702
7056
7056
7056
7056
7056
7056
7056
7056
7586
7586
7586
7383
7383
7383
7383
7168
7168
7168
7168
7168
7168
6877
6877
6877
6877
6877
6877
6877
6877
6877
6877
7272
7272
7272
7272
7272
7272
7272
8229
7376
7376
7376
7376
8052
8052
6734
6734
6734
6734
7367
7367
7367
7122
7122
7122
7122
7122
7122
7122
7122
8482
7406
7406
7406
7406
7406
7406
7406
7406
7406
7406
7406
7406
7406
7087
7087
7087
7087
7087
7087
7365
7365
7365
7365
7365
7365
7365
7365
8038
7560
7560
7560
7560
7560
7560
7560
7744
7744
7744
7744
7553
8154
7688
7688
7688
7688
7688
8367
6754
6754
6754
6754
7156
7156
7156
7156
7156
7156
7156
7156
7156
7431
7431
7431
7431
7431
7425
7425
7425
8073
8243
8243
8034
8034
8034
8034
6759
6759
6759
6759
7690
7690
7690
7690
8630
8578
7901
7901
7845
7845
7845
7845
8020
8020
8020
8020
7813
7813
7813
7813
7458
7458
7458
7458
7458
7458
7458
7458
6834
6834
6834
7199
7199
7199
7199
7199
7199
7292
7292
7292
7292
7292
7292
8266
8266
8266
7206
7206
7206
7206
7414
7414
7414
7414
7414
7414
7414
7414
7414
7897
7897
7719
7719
7719
7719
7719
7719
7719
7719
7200
7200
8314
7322
7322
7322
7322
7322
6992
6992
6992
6992
6992
6992
6992
6992
6992
6992
8376
6930
6930
6930
6930
6930
6930
6930
6930
6930
8265
8265
8265
8265
8320
7346
7346
7346
7346
6943
6943
6943
6943
6943
6943
6943
6943
6943
6943
6943
6943
6849
6849
6849
6849
6849
6849
6849
6849
7284
7284
7284
7284
7284
7284
7284
7284
7284
8232
7807
7807
7807
6892
6892
6892
6892
6892
6892
6892
6892
6892
6892
6892
6892
6892
6892
6892
6892
6789
6789
6789
6789
8319
7474
7474
7474
7474
7474
7474
7474
7474
8476
8476
7067
7067
8786
7786
7786
7786
7786
7786
7786
7509
7509
7509
7509
7398
7398
7398
7398
7398
7398
7398
7628
7628
7628
7628
7628
7628
7053
7053
7053
7053
7053
7053
7053
6987
6987
6987
6987
7343
7343
7343
7343
7343
7343
7723
7723
7723
7198
7198
7198
7198
7198
7198
7198
7198
7799
7799
7799
7799
7799
6709
6709
6898
6898
6898
6898
6898
7332
7332
7332
7332
7332
7332
7332
6676
7073
7073
7073
7073
7073
7073
7073
8706
8549
7592
7592
7592
7592
6714
6714
6714
6714
7247
7247
7247
7247
7693
7693
7693
7693
7693
7693
7614
7614
7614
7614
7614
8010
7717
7717
7717
7717
7717
7328
7328
7328
7328
7651
7651
7651
7651
7651
7397
7397
7397
7397
7397
7397
7397
8909
8189
8189
7933
7933
7933
7933
7933
7933
7788
7788
7788
7497
7497
7497
7497
7497
6745
6745
6745
6745
6745
6745
6745
6745
6944
6944
6944
6944
6944
6944
6944
8627
7762
7762
7762
7762
7762
7762
7624
7624
7624
7624
7624
8359
6716
7742
7742
7184
7184
7184
7184
7184
7184
7640
7640
7640
7640
7640
7640
8261
7187
7187
7187
7187
7187
7187
7187
8031
6951
6951
6951
6951
6951
6951
6951
6951
6951
7594
7594
7594
7201
7201
7201
7201
7201
7743
7743
7743
7743
7743
7743
7743
7469
7469
7469
7469
7469
7469
7240
7240
7240
7240
7240
7240
7240
7240
7240
7240
7240
7240
7506
7506
7506
7506
7506
7506
7506
7506
6858
6858
6858
6858
6858
8066
8066
8066
7100
7100
7100
7100
7100
7100
7100
6731
7727
7727
7727
7727
7727
7727
7727
7727
7727
7571
7571
7571
7571
7571
7571
7571
7571
6860
6860
6860
6860
6860
6860
6860
6860
6860
7496
7496
7496
7496
7496
7496
7496
7496
7378
7378
7378
7378
7378
7378
7378
7378
7378
7378
7378
7378
7378
7722
8084
8084
8084
8203
8203
7286
7286
7286
7286
7286
7926
7926
6846
8075
6970
6970
6970
6970
6970
6970
6947
6947
6947
7772
7772
7772
7772
6823
6823
6823
6823
6823
6823
6823
6823
6823
6982
6982
6982
6982
6982
6982
8926
6797
6797
6797
6797
6797
6797
6797
6797
6797
6797
6797
6797
7709
7709
7709
7942
7942
7942
7942
7942
7955
7955
7955
7955
8191
9220
7725
7725
7725
6896
6896
6896
6896
6896
6896
6896
6896
7300
7300
7300
7300
7300
7300
7971
7971
7971
7971
7081
7081
7081
7081
7081
7877
7877
7877
7877
7877
7877
7493
7493
7493
7493
7493
7493
8810
7059
7059
7059
7059
7408
7408
7408
7408
7408
7408
7408
6863
6863
6863
6863
6863
6863
8217
8217
6752
7150
7150
7150
7150
7150
7150
7150
7150
7064
7064
7064
7064
7064
7267
7267
7267
7267
7267
7708
7708
7708
7708
7708
6958
6958
6958
6958
6958
6958
6958
6958
6958
6958
6958
6958
6958
6958
6958
6958
6958
6958
7499
7499
7499
7499
7499
7499
7499
7010
7010
7010
7010
7010
7010
7541
7541
7541
7541
7541
7738
7738
7738
7738
7997
7438
7438
7438
7438
7298
7298
7298
7298
7298
7526
7526
7526
7526
7526
7526
7894
7480
7480
7480
7480
7480
7635
7635
7635
7635
7635
7635
7635
7635
7778
7778
7778
7778
7778
7363
7363
7363
7363
7612
7612
7612
7612
7612
7958
7958
8274
8274
7357
7357
7357
7357
7357
7357
7357
7357
7357
8251
7327
7327
7327
7327
7522
7522
7589
7589
7589
7589
7589
7589
7589
7589
7589
7589
7589
7589
7589
6875
6875
6875
6875
6875
6875
6875
6875
6875
6875
6875
6875
6875
6875
8043
8043
7361
7361
7361
7361
7361
7361
7576
7576
7576
7576
7576
7576
7576
7576
6865
6865
6865
6865
6865
6865
6865
8105
8086
8086
7582
7582
7582
7582
7582
7966
7966
7966
7966
7966
7355
7355
7355
7355
7355
6919
6919
6919
6919
6919
6919
6919
6919
6919
6919
6919
6919
6919
6919
6919
6919
7097
7097
7097
7097
8298
7359
7359
7359
7359
7359
7359
7323
7323
7323
7323
7323
7323
7323
7323
7323
7323
7323
7096
7096
7096
7096
7096
7096
7096
7096
8016
8016
8016
7162
7162
7162
7162
7162
7162
7162
7162
7162
7162
7603
7603
7603
7603
7603
7226
7226
7226
7226
7226
7226
7226
6728
7460
7460
7460
7460
7460
7460
7767
7767
7767
7319
7319
7319
7319
7319
7319
7319
7294
7294
7294
7294
7294
7294
7294
7294
7536
7536
7536
7536
7536
7536
7536
9095
6866
6866
6866
6866
6866
6866
6866
6866
6866
6866
6866
7581
7581
7581
7581
7581
7581
7581
8340
8340
7463
7463
7463
7463
7463
7432
7432
7432
7432
7161
7161
7161
7161
7161
7161
7161
7161
7927
6772
6772
6772
6772
6712
6874
6874
6874
6874
6874
6874
6874
6874
6874
7248
7248
7248
7248
7248
6835
6835
6835
6835
6835
6835
7386
7386
7386
7386
7386
6869
6869
6869
6869
6869
6869
6869
7943
7943
7943
6832
6832
6832
6832
6832
6832
6832
7679
7679
7679
7679
7679
7679
7679
7679
7679
7679
6819
6819
6819
6819
6819
6819
6819
6819
6819
6819
6819
6819
6819
7979
7979
7979
7979
7872
7872
7872
7872
7872
7872
7842
6780
6780
6780
6780
6780
6780
6780
6780
6780
6780
6780
6885
6885
6885
6885
6885
6885
7269
7269
7269
7269
7269
7269
7269
7269
7195
7195
7195
7195
7195
7195
7195
7195
7909
7909
7909
7909
7909
7631
7631
7631
7631
7631
7631
6968
6968
6968
6968
6968
6968
6968
6968
6968
6968
6968
6968
7797
7130
7130
7130
7130
7130
7130
7130
7130
7130
7170
7170
7170
7170
7170
7170
7170
7170
7170
7170
7170
7170
8294
7471
7471
7471
7471
7471
7471
7471
7753
7753
7753
7753
7753
7753
7888
7888
7888
6803
6803
6803
6803
7512
7512
7512
7512
7416
7416
7416
7416
7416
7416
7502
7502
7502
7502
6744
6744
6744
6744
6916
6916
6916
6916
8233
8233
7735
7735
7735
7735
7735
7735
7597
7597
7597
7597
7597
7597
8142
7341
7341
7341
7341
7341
7341
7341
7884
7884
7884
7884
6939
6939
6939
6939
6939
6939
6939
6939
6811
6811
6811
6811
6811
6811
6811
6811
7680
7680
7680
7680
7680
7045
7045
7045
7045
7045
7045
7045
6792
6792
6792
6792
6792
6792
6792
6792
6792
6792
7599
7599
7599
7599
7561
7561
7561
8011
8011
8011
7938
7495
7495
7495
7495
7517
7517
7517
8468
7164
7164
7164
7164
7164
7164
7164
8179
8179
8179
8127
8127
6925
6925
6925
6925
6925
6925
6925
6925
6925
6925
6925
6925
6925
7805
7805
7805
7805
7805
7828
7828
7828
7828
8771
6907
6907
6907
6907
6907
6907
6882
6882
6882
6882
6882
6882
6882
6882
6882
6882
6882
7645
7645
7645
7645
7362
7362
7362
7362
7362
7362
7362
7362
7511
7511
7511
7511
7511
7511
7644
7644
8419
8166
8166
6807
6807
6807
6807
6807
6807
6807
6807
6807
7836
7836
7836
7836
7041
7041
7041
7041
7041
6894
6894
6894
6894
6894
6894
6894
6894
6894
6894
6894
6894
6894
6894
6894
8181
7683
7683
7683
7683
7683
7683
7683
7683
7683
7394
7394
7394
7394
7394
6923
6923
6923
6923
6923
6923
6923
6923
6923
6923
6923
7106
7106
7106
7956
7956
7956
7956
7838
7838
7838
7115
7115
7115
7115
7115
7115
7115
7115
7115
7115
7115
7253
7253
7253
7253
7253
7253
6889
6889
6889
6889
6889
6889
6889
6889
6889
6889
6889
6889
7610
7610
7610
7610
7610
6791
6791
7639
7639
7639
7639
7951
7951
7951
7951
7951
6710
6971
6971
6971
6971
6971
6971
7467
7467
7188
7188
7423
7423
6984
6984
6984
6984
7165
7165
7165
7165
7165
7165
7165
7165
6955
6955
6955
6955
6955
6955
6955
6955
6955
6955
6955
6955
7265
7265
7265
7265
7318
7318
7318
7318
7318
7318
7318
7318
7819
7689
7689
7689
7689
7689
7689
7034
7034
7034
7034
7034
7034
7034
7034
7034
7034
7459
7459
7459
7459
7459
7459
7459
7459
8023
7745
7745
7745
7745
7745
7262
7262
7262
7262
7262
7262
7262
7262
7262
8026
8026
8026
8026
6788
6788
6788
6788
6788
6788
8119
8249
7369
7369
7369
7369
8005
8005
6742
6742
6742
6742
6742
6742
7215
7215
7215
7215
7215
7215
8271
7447
7447
7447
7447
7447
7447
6934
6934
6934
6934
6934
6934
6934
6934
6934
6934
8353
7430
7430
7430
7430
7430
7191
7191
7191
7588
7588
7588
7588
7588
6843
7016
7016
7016
7016
7016
7016
7016
7016
7016
7016
7016
9144
8226
7661
7661
7661
7661
7450
7450
7450
7450
7984
7984
7984
7984
6891
6891
6891
6891
6891
6891
6891
8123
7194
7194
7194
7771
7771
7771
7771
7046
7046
7046
7046
7046
7046
8000
8000
7344
7344
7344
7344
7344
7344
7344
7344
9531
7124
7124
7124
7124
7124
7124
7630
7630
7630
7630
7630
6928
6928
6928
6928
7734
7734
7734
7734
7142
7142
7142
7142
6708
8798
6995
6995
6995
6995
8044
6761
6761
6761
6761
6761
6761
6761
7477
7477
7477
7604
7604
7604
7604
7604
7604
7061
7061
7061
7061
7061
7061
7061
7061
6711
6711
6961
6961
6961
6961
6961
6961
6961
6961
6961
7960
7714
7714
7714
7714
7714
7714
7714
8194
8194
7234
7234
7234
7234
7234
7737
7737
7737
7737
7737
8287
8287
8287
8467
7534
7534
7534
7534
7534
7534
7739
7739
7739
7739
7846
7846
8677
8204
8204
8204
7157
7157
7157
7157
7157
7157
7157
7157
7847
7847
7847
7847
7847
7706
7706
7706
7706
7706
7246
7246
7246
7246
7246
7246
7029
7029
7029
7029
7029
7029
7029
7029
7029
7652
7652
7652
7652
7652
7652
7652
7555
7555
7555
7555
7555
7555
7555
7896
7896
7896
7896
7896
7896
7466
7466
6801
6801
6801
6801
6801
6801
6801
8101
7083
7083
7083
7083
7083
7083
7083
7439
7439
7439
7439
7439
7439
7439
8318
7387
7387
7387
7255
7255
7255
7255
7255
7255
7255
7255
7255
8479
7263
7263
7918
7918
6853
6853
6853
6853
6853
7078
7078
7078
7078
7530
7530
7530
7530
7530
7530
7530
7530
7530
7530
7530
8065
8065
8065
8065
8065
8065
8092
8092
8092
8092
7596
7596
7596
7596
7596
7596
7596
8049
8049
6948
6948
6948
6948
6948
6948
6948
6948
6948
6948
6948
6948
6948
7042
7042
7042
7042
7042
7042
7042
7152
7152
7152
7152
7152
7152
7152
7152
7152
7152
7632
7632
7632
7632
7632
7632
7632
7632
7952
7952
8218
7429
7429
7429
7429
7062
7062
7062
7062
7920
7920
7920
7268
7268
7268
7268
6996
6996
6996
6996
6996
6996
6996
7932
7655
7655
7655
7655
7655
7655
6762
6762
6762
6762
6762
6762
7784
7784
7784
7784
6826
6826
6826
6826
6826
6826
6826
6826
7117
7117
7117
7117
7117
6769
6769
6769
6769
6769
6769
7653
7653
7653
7653
7446
7446
7446
7091
7091
7091
7091
7091
7091
7091
7091
7091
7091
7091
7033
7033
7033
7033
7033
7033
7033
7033
6808
6808
6808
6808
6808
6808
6808
6808
6808
6808
6808
6808
6808
6808
6808
6808
7964
7964
7218
7218
7218
7218
7218
7218
6915
6915
6915
6915
6915
6915
6915
6915
6915
6915
7140
7140
7140
7393
7393
7221
7221
7333
7333
7333
6795
6795
6795
6795
6795
6795
7558
7558
7558
7548
7548
7548
7548
7548
7548
7548
7814
7814
7814
6735
6735
8132
7288
7288
8100
8100
8100
7347
7347
7347
7347
7347
7347
7347
7220
7220
7220
7220
7220
7409
7409
7409
7409
7409
8334
7465
7465
7465
7465
8285
7800
7800
7800
7800
7800
7800
7800
7800
8383
6822
6822
6822
6822
6822
6822
6962
6962
6962
6962
6962
7937
7937
7937
7151
7151
7151
7151
7151
7516
7516
7516
7516
7516
7547
7547
7547
7547
7669
7669
7669
7681
7681
7681
7681
6763
7602
7602
7602
7602
7602
7602
7052
7052
7052
7052
8456
7590
7590
7590
7590
7590
7590
7590
7590
7148
7148
7148
7148
7148
7148
7785
7785
7785
7785
7552
7552
7552
7552
7552
7552
7552
7552
7242
7242
7242
7242
7242
7242
7242
7131
7131
7131
7131
7131
7668
7668
7668
7668
7668
7668
7668
7668
7668
7222
7222
7222
7222
7222
7222
7222
7222
7280
7280
7280
7280
7280
7280
7751
7751
7751
7751
7751
7751
7751
7155
7155
7155
7155
7155
7155
7155
8534
8021
7494
6815
6815
6815
6815
6815
6815
6815
6815
6815
6815
6815
6815
7579
7579
7579
7579
7579
7579
7579
7579
7670
7670
7670
7670
7670
7670
7670
7123
7123
7123
7123
7123
7123
7123
8193
7137
7137
7137
7137
6805
6805
6805
6805
6805
6805
6805
6805
8102
6946
6946
6946
8869
7621
7621
6969
6969
6969
6969
6969
6969
6969
7782
7782
7782
7782
7782
7782
6753
7982
7982
7982
7412
7412
8161
8161
8161
8161
7224
7224
7886
7886
7886
7886
8155
8155
8155
8155
7371
7371
9086
7862
7862
7862
7862
7862
7862
7523
7523
7523
7523
9129
7411
7411
7411
7411
7411
7411
7074
7074
7074
7074
7074
7074
7880
7036
7036
7036
7036
7036
7036
7036
6767
6767
6767
6767
6767
6767
6767
6767
6910
6910
6910
6910
6910
6910
6910
6910
6965
6965
6965
6965
6965
6965
6965
6965
6965
6976
6976
6976
6976
6976
6976
6976
6976
6976
6976
6976
7190
7190
7190
7190
7648
7648
7648
7648
7648
7648
8302
6837
6837
6837
6837
6837
6837
6837
7443
7443
7443
7443
7443
7443
7443
7443
7442
7442
7442
7442
7442
7442
7442
7023
7023
7023
7023
7023
7023
7023
7023
7977
6933
6933
6933
6933
6933
6933
6933
6933
6933
6933
7545
7545
7545
7545
7545
7545
7545
7545
7545
8173
8173
8173
8173
6721
6721
6721
6721
6721
8339
8339
7718
7718
7718
7718
7718
7718
7718
7718
7291
7291
7291
7291
7291
7291
7291
7291
7585
7585
7585
7585
7585
7585
8137
8137
7519
7519
7006
7006
7006
6870
6870
6870
6870
6870
6870
6870
6850
6850
6850
6850
6850
6850
6850
6850
6850
6850
7891
7891
7891
7891
7891
7389
7389
7389
7389
7389
7389
7389
7389
6737
8489
8489
8444
7003
7003
7003
7003
7003
7003
7003
7003
7003
7003
8644
8035
8096
7712
7712
7712
7684
7684
7684
7278
7278
7278
7278
7278
7278
7278
7278
7278
7574
7574
7574
7574
7574
7574
7858
7858
7858
7858
8299
7102
7102
7102
7102
7102
7817
7817
7817
7433
7433
7433
7433
7433
8343
6990
6990
6990
6990
6990
6990
6990
6990
6990
6990
6990
6990
6990
6990
6981
6981
7808
7728
7728
7728
7728
7728
7728
7728
7728
7728
7728
8157
7866
7866
7866
7866
6810
6810
6810
6810
6810
6810
6810
7619
7619
7619
7619
7619
7605
7605
7605
7605
7605
7605
7605
7296
7296
7296
7296
6738
6738
6738
7879
7879
7879
7192
7192
7192
7192
7192
7192
7444
7444
7444
7444
7444
6838
6838
6838
6838
6838
6838
6838
6838
7829
7829
7829
7829
7829
7829
7275
7275
7275
7275
7275
7275
7275
7275
6726
6726
6701
7095
7095
7695
7695
7695
7695
7578
7578
7578
7578
7578
7309
7309
7309
7309
7309
7309
6851
6851
6851
6851
6851
6851
6851
6851
6719
6719
6719
6757
6757
6757
6757
6757
6757
6757
6757
8087
8087
8087
8087
7566
7566
7566
7566
7566
7566
8212
8081
8081
7418
7418
7418
7418
7418
7563
7563
7563
7563
7563
7563
7546
7546
7546
8458
7228
7228
7228
7228
7228
7228
7452
7452
7452
7452
7452
6852
6852
6852
6852
6852
6852
6852
6852
6852
6852
6852
6852
6852
6852
6852
6774
6774
6774
6774
6774
6774
6774
6774
7535
7535
7535
7535
7535
8143
8143
8143
8143
7340
7340
7340
7340
7340
7930
7930
7930
7930
6723
7125
7125
8136
7633
7633
7633
7633
7456
7456
7456
7456
7456
7456
7456
7013
7013
7013
7013
7013
7360
7360
7360
7360
7360
7360
7360
7360
7360
7360
7537
7537
7537
7537
7537
6818
6818
6818
6818
6818
6818
6818
6818
6818
6818
6818
6818
7761
7761
7761
7761
7761
6901
6901
6901
6901
6901
6901
6901
6901
6901
6901
6901
6901
6901
6901
6720
6720
6720
7092
7092
7092
7092
7092
7092
7092
7092
7133
7133
7133
7133
7133
7133
7133
7133
7054
7054
7054
7054
7054
7054
7054
7054
7348
7348
7348
7348
7348
7348
7307
7307
7307
7307
7421
7421
7421
7421
7421
7421
7421
7421
6938
6938
6938
6938
6938
6938
6938
7082
7082
7082
7082
7082
7082
7082
7082
7082
8027
8042
8042
8240
8240
8240
7350
7350
7350
7350
7350
7339
7339
7339
7339
8278
8278
7697
7697
7697
7513
7513
7513
7513
6932
6932
6932
6932
6932
6932
6932
6932
6932
7811
7811
7811
7811
7811
7143
7143
7143
7143
7143
7143
8225
7881
7881
7881
7236
7236
7236
7236
7236
7236
7236
8060
8060
8060
7504
7504
7417
7417
7417
7417
7417
7755
6751
6751
6751
6751
6751
6751
6751
7533
7533
7533
7533
7703
7703
7703
7703
7703
7565
7565
7565
7565
7565
7565
7273
7273
7273
7273
7889
7889
7889
8175
8175
6775
6775
6775
6775
8260
8260
8260
8260
8875
7193
7193
7193
7193
7193
7451
7451
7451
7451
7451
7451
6872
6872
6872
6872
6872
6872
6872
6872
6872
6872
6872
8178
8178
7851
7851
7851
7851
7851
7851
7436
7436
7436
7436
7436
7436
7436
6747
6747
6747
6747
6747
6747
6747
7445
7445
7445
7741
7741
7741
7741
7741
7741
7532
7532
7532
7532
7944
7085
7085
7085
7085
7085
7085
7085
7260
7260
7260
7260
7260
8911
7663
7663
7663
7663
7663
7663
7663
7663
7663
7132
7132
7132
7132
7940
7940
7940
7940
7940
7940
8198
7765
7765
7765
7765
8386
7793
7793
7793
7793
7793
7793
7468
7468
7468
7468
7468
7468
7468
7468
7468
7468
7572
7572
7572
7572
7572
6876
6876
6876
6876
6876
6876
6876
6876
7941
7015
7015
7015
7015
7015
7015
7967
7967
6740
6740
6740
6740
7392
7392
7392
7392
7454
7454
7454
7454
7454
7454
8089
7489
7489
7489
7489
7598
7598
7598
7598
7598
7598
7388
7388
7388
7388
7388
7388
7388
8385
7832
7832
7893
7893
7893
7931
7931
7931
7931
7931
8177
7557
7557
7557
6926
6926
6926
7822
7822
7822
7749
7749
7749
7749
7749
7749
7749
7835
7835
7962
7962
7962
7962
8025
8025
8025
8025
8082
8099
8097
8063
6905
6905
6905
6905
6905
6905
8046
8046
8046
7801
7801
7098
7098
7098
7098
7098
7098
7098
7098
7098
7098
7098
7098
6739
6739
6739
6739
8241
8241
8241
6878
6878
6878
6878
6878
6878
6878
6878
6878
6878
6878
7833
7550
7550
7550
7550
7550
6800
6800
6800
6800
6800
6800
6800
6800
6800
6800
7820
7820
7820
7820
7701
7701
7701
7701
7701
7701
7257
7257
7257
7257
7089
7089
6941
6941
6941
6941
6941
6941
6941
6941
6941
6941
6941
6980
6980
6980
6980
6980
7613
7613
7613
6694
7055
7055
7055
7055
7055
7055
7055
7055
7055
7055
7055
7055
7055
7172
7172
7172
7172
7925
7925
7396
7396
7396
7396
7396
8850
7177
7177
6921
6921
6921
6921
6921
8594
8602
8602
7472
7472
7472
7472
7472
7472
8893
7854
8337
8337
8337
7658
7658
7658
7658
7658
7874
7874
7580
7580
7580
7580
7317
7317
7317
7317
7317
7317
7317
7317
7317
6989
6989
6989
6989
6989
6989
6989
6989
6989
6989
6989
6989
7154
7154
7154
7154
7154
7154
7154
7154
7391
7391
7391
7391
7391
7391
7370
7370
7370
7370
7370
7370
7825
8195
7675
7675
7675
6768
6768
6768
6768
6768
7266
7266
7266
7656
7656
7503
7503
7503
7503
8072
8072
8072
7816
7816
7816
7816
8040
8040
8051
8051
6727
6727
7575
7575
7575
7575
7575
7575
7575
7575
7276
7276
7276
7202
7202
7202
7202
7202
7202
7488
7488
7740
7740
7740
7740
7740
7740
7740
8835
7921
7921
7898
7898
7898
7898
7256
7256
7256
7256
7256
7256
7256
7554
7554
7554
7554
7986
7986
7986
7986
7986
6814
6814
6814
6814
6814
6814
6814
6814
8062
8062
8062
8062
8323
8323
7991
7991
7991
8497
6953
6953
6953
6953
6953
6953
6953
6953
6953
6953
6953
6953
6953
7110
7110
7110
7110
7110
7110
7110
6743
6743
6743
8080
6893
6893
6893
6893
6893
6893
6893
6893
6893
6893
6844
6844
6844
6844
6844
6844
6844
6844
6844
8162
7258
7258
7258
7258
7258
7258
7258
6776
6776
6776
6705
7923
8192
8076
8889
8130
8130
7796
7796
7796
7796
7796
8112
7525
7525
7525
7525
7111
7111
7111
7299
7299
7299
7299
7299
7030
7030
7030
7030
7030
7030
7145
7145
7145
7145
7145
6733
6733
6733
6733
6733
6873
6873
6873
6873
6873
6873
6873
7636
7636
7636
7636
7636
7259
7259
7259
7259
7259
7259
7259
7320
7320
7320
7320
7320
7329
7329
7329
7329
7329
7329
7990
7990
7990
7481
7481
7481
7453
7453
7453
7453
7453
8174
8174
8174
7759
8357
8357
6725
6725
7158
7158
7158
7158
7158
7158
7158
7158
6713
7850
7850
7850
7850
7850
7850
8242
7428
7428
7428
7428
7428
7235
7235
7235
7235
7235
7235
7235
7235
7235
7235
7235
7235
7235
8416
6806
6806
6806
6806
6806
6806
6806
6806
6806
6806
6806
6806
7787
7787
7787
7787
7787
6839
6839
6839
6839
6839
6839
6839
6854
6854
6854
6854
6854
6854
6967
6967
6967
6967
6967
6967
7345
7345
7345
7704
7704
8326
7849
7849
7849
7564
7564
7564
7564
7564
7564
7564
7567
7567
7567
7567
7567
7752
7752
7752
7809
7809
7809
8289
7830
7830
7710
7710
7710
7710
7710
7710
6829
6829
6829
6829
7180
7180
7180
7180
7180
7180
7070
7070
7070
7070
7070
7070
7070
7070
6773
6773
6773
6773
6773
6773
6773
6773
6773
7076
7076
7076
7076
7076
7076
7076
7076
7076
7076
7076
7076
7076
7076
7538
7538
7538
7538
7538
7538
7895
6802
6802
6802
6802
6802
6802
6802
6802
7014
7014
7014
7014
7014
7014
7014
7014
8115
8348
7086
7086
7086
7086
7086
7086
7086
7086
7325
7325
7325
7325
7325
7325
7325
7325
7325
8529
7290
7290
7290
7290
7290
7290
7290
6764
6764
6764
6764
6764
6764
6764
6764
7144
7144
7144
7144
7144
7491
7491
7491
7491
7491
6722
7607
7607
7607
7607
7607
7607
7337
6922
6922
6922
6922
6922
6922
6922
7965
7965
8369
8369
7330
7330
7330
7843
7843
7203
7203
7203
7203
7203
7203
7203
7528
7528
7528
7528
7528
7528
7528
7068
7068
7068
7068
7068
7068
7068
7068
7068
7068
7342
7342
7342
7342
7342
7868
7868
7620
7620
7069
7069
7069
7069
7069
7069
8014
8014
8014
8014
8014
8014
8332
8332
8110
8110
8110
8110
8110
7027
7027
7027
7027
7027
7027
7611
7611
7611
7611
7611
7611
7611
7611
7611
7611
8473
7529
7529
7529
7529
7529
7577
7577
7577
7577
7559
7559
7559
7559
7559
7559
7301
7301
7301
7301
7974
7974
7974
7848
7848
7848
7848
7848
6952
6952
6952
6952
6952
6952
6952
6952
6952
6952
7426
7426
7426
7426
7426
7716
7716
7774
7774
7774
7774
7774
7774
7774
8061
8220
8220
8276
8276
8276
7837
7837
7837
7837
7837
7837
7837
6960
6960
6960
6960
6960
8270
7182
7182
7182
7182
8190
10551
7422
7422
7422
7422
7422
7422
7422
7422
7674
7674
7674
7674
7213
7213
7404
7404
7404
7404
7147
7147
7147
7147
7147
8114
6909
6909
6909
6909
6909
6909
6909
6909
7608
7608
7608
7608
8224
7885
7885
7885
7279
7279
7279
7279
7441
7441
7441
7485
7485
7485
7485
7485
7485
7485
7485
7485
7485
8245
8103
8103
8371
8371
8122
8122
8122
7685
7685
7685
7685
7685
7618
7618
7618
7618
7618
7618
7169
7169
7169
7169
7169
7169
7169
7169
7169
7007
7007
7007
7007
7007
7007
7108
7108
7108
7108
7108
7108
7108
7108
8912
7729
7729
7729
7729
7729
7729
7729
7768
7768
7768
7768
7768
7768
7768
7768
7815
7815
7815
6888
6888
6888
6888
6888
6888
6888
6888
6888
6888
6888
6888
6978
6978
6978
6978
6978
7277
7277
7277
7277
8169
7079
7079
7079
7079
7311
7311
7311
7311
7311
7834
7834
7834
6914
6914
6914
6914
6914
6914
6914
6914
6914
6914
6914
6914
6914
6914
6914
7671
7671
7671
7671
7671
7671
7671
7671
7671
7671
8791
7282
7282
7282
7282
7282
7844
7844
7844
7844
7844
7844
8106
8106
8106
8106
7827
7827
9842
6935
6935
7254
7254
7254
7910
7910
8375
7313
7313
7313
7313
7913
7913
7913
7913
6979
6979
6979
6979
6979
6979
6979
6979
6979
6979
6979
6979
7338
7338
7338
7338
7338
6841
6841
6841
6841
6841
6975
6975
6975
6975
6975
6975
7351
7351
7351
7351
7351
7351
7351
7001
7001
7001
6741
6741
6741
6741
7099
7099
7099
7099
7900
6828
6828
6828
6828
6828
7673
7673
7673
7673
7673
7673
7673
7676
7676
7676
7676
7000
7000
7000
7000
7000
7000
7000
7000
7000
7473
7473
7473
7473
7666
7666
7666
7666
7666
7208
7208
7208
7208
7208
7208
7208
7208
7748
6677
7402
7402
7402
7402
7402
7402
7032
7032
7032
7032
7032
7032
7032
7032
7032
7032
7032
7032
7032
8759
8321
8321
8019
8019
8019
8019
8019
6997
6997
6997
6997
6997
6997
6997
6997
6997
7250
7250
7250
7250
6857
6857
6857
6857
7413
7413
7413
7413
7413
7413
7413
7413
8074
8074
8074
7008
7008
7008
7008
7008
7008
6871
6871
6871
6871
6871
6871
6871
6871
6871
7595
7595
7595
7595
7595
7595
7595
7595
7947
7947
7948
7153
7153
7153
7153
7660
7660
7660
7660
6831
6831
6831
6831
6831
6831
6831
8929
7483
7483
7483
7483
7483
7483
7483
7483
7882
7882
7882
7882
7882
7401
7401
7401
7401
7401
7401
7401
8275
8336
6848
6848
6848
6848
6848
6848
6848
7500
7500
7500
7500
7500
7500
7779
7779
6825
6825
6825
6825
6825
6825
6825
6825
8425
7138
7138
7138
7138
7542
7542
7542
7542
7542
7094
7094
7094
7094
7094
6777
6777
6777
6777
8503
7462
7462
7462
7462
7462
8004
8004
8004
8002
8002
7731
7731
7731
7731
7731
7731
7731
7209
7209
7209
7209
7209
7209
7724
7724
7724
8107
8107
8107
7410
7410
7410
6994
6994
6994
6994
6994
6994
8033
8033
8033
8033
8303
7873
7873
7873
7873
8264
7293
7293
7293
7293
7293
7293
6707
8024
8024
8024
7875
6855
6855
6855
6855
6855
6855
6855
6696
7642
7642
7642
7642
7642
7642
7642
7798
7798
7798
7798
7798
7798
7798
7798
7798
8865
8865
6920
6920
6920
6920
6809
6809
6809
6809
6809
6809
6809
6809
6809
7907
7907
7907
6862
6862
6862
6862
6862
6862
6862
6985
6985
6985
6985
8149
