770
770
770
770
562
562
562
562
1006
1006
706
706
706
706
1070
1070
1070
988
988
1766
213
213
213
213
213
213
1217
456
456
456
456
456
456
172
172
172
172
172
172
172
172
172
172
172
172
172
593
593
593
593
593
593
593
593
593
593
593
593
593
593
878
878
878
1125
1125
1312
166
166
166
166
166
622
622
622
622
622
1010
1284
650
650
650
650
650
650
650
1408
1297
528
528
528
528
528
528
574
574
574
574
703
703
703
703
703
703
703
1067
1067
1048
1048
1048
1048
896
896
896
1027
1027
344
344
344
344
344
709
709
709
709
709
709
709
612
612
612
632
632
632
632
632
632
632
632
1096
1096
1122
1122
1122
1122
928
928
604
604
604
604
604
359
359
359
359
359
359
359
1174
1174
68
409
409
409
409
409
409
409
409
409
409
409
409
409
873
873
1496
1496
1231
683
683
683
1085
1085
1085
1085
1085
171
171
171
171
171
171
171
1529
1114
1114
1114
1114
1576
776
776
776
284
284
284
284
284
935
935
935
815
815
815
815
815
421
421
421
421
421
421
1040
250
250
250
250
250
250
248
248
248
753
753
753
753
753
753
1178
549
549
549
549
548
548
548
548
548
548
548
2066
590
590
590
590
1035
1035
382
382
382
382
382
382
382
108
108
108
108
108
108
108
108
108
595
595
595
595
595
595
794
794
324
324
324
324
324
324
324
324
630
630
630
630
708
708
708
708
708
708
708
173
173
173
173
1836
371
371
371
371
1153
1153
332
332
332
332
332
332
332
1194
1138
1138
1138
1138
444
444
444
444
444
444
444
444
444
444
444
335
335
1255
1255
1282
888
888
888
1677
1677
144
144
144
144
144
144
1671
1137
153
153
153
153
153
898
898
608
608
608
1004
1004
853
853
941
941
941
941
1506
218
218
218
218
218
218
218
218
218
244
244
244
244
244
244
244
308
308
308
308
308
308
308
308
1306
396
396
396
1462
470
470
470
470
470
470
470
470
373
373
373
373
373
373
960
960
960
960
960
1099
642
642
642
642
642
642
890
631
631
631
631
631
631
631
854
864
864
864
864
441
441
441
441
441
441
1498
1498
1519
669
669
669
669
669
135
135
135
135
135
135
135
135
181
181
181
181
181
181
1265
1265
433
433
433
1068
1068
1068
1318
277
277
277
277
277
277
277
277
968
968
968
342
342
342
205
205
205
205
205
205
544
544
544
544
544
1053
1053
1053
1053
447
447
447
447
447
447
885
885
885
885
885
885
242
242
242
242
242
242
242
242
242
242
633
633
633
633
633
224
224
224
224
224
224
752
752
752
752
752
752
178
178
178
178
178
178
178
178
178
178
178
178
178
178
178
944
944
944
388
388
388
757
757
757
757
918
926
1236
524
524
563
563
563
534
534
534
534
534
534
534
534
534
182
182
182
182
2306
588
588
588
588
588
588
588
588
1337
989
1727
983
983
983
1285
1285
1871
732
732
732
732
732
732
1078
1078
1078
722
722
722
722
722
722
722
722
722
722
415
415
415
415
415
415
1019
832
832
832
832
832
832
832
832
1166
1166
1296
906
906
278
278
278
278
278
278
278
278
278
843
843
843
843
843
1706
123
123
123
123
123
123
123
123
123
123
123
570
356
356
356
356
356
356
356
328
328
328
328
328
328
328
328
328
328
328
825
129
129
129
129
129
129
129
129
129
208
208
208
208
208
208
208
1680
1680
306
306
306
306
306
306
306
306
306
306
1159
676
676
676
676
676
676
473
473
473
473
473
473
473
473
473
473
907
907
907
907
907
907
1167
736
736
736
736
736
216
216
216
216
216
1120
251
251
251
251
251
251
251
251
236
236
236
236
236
236
236
236
236
240
240
240
240
240
240
240
240
610
610
610
459
459
459
459
459
459
459
541
541
541
541
541
737
737
737
1253
1253
117
117
117
117
117
117
117
117
102
102
102
102
102
102
102
102
102
102
102
102
102
118
118
118
118
118
118
118
118
118
1057
1057
1441
1441
212
212
212
212
212
212
212
212
212
212
212
212
323
323
323
323
323
586
586
586
404
404
404
404
404
404
404
1093
1093
1144
1144
539
539
539
539
539
640
640
640
640
640
640
419
419
419
419
419
419
419
419
1227
1227
635
635
635
635
635
288
288
288
288
288
1109
1109
1109
664
664
664
664
664
664
664
664
664
602
602
602
602
602
892
892
892
892
668
668
668
668
668
668
1179
1516
916
916
916
552
552
552
552
552
552
552
552
552
497
497
497
1049
1049
1049
158
158
158
158
346
346
346
346
346
346
346
346
317
317
317
317
317
317
317
317
317
317
1241
819
819
378
378
378
378
378
1432
1432
94
94
94
94
94
94
94
94
94
94
94
94
94
94
94
94
94
1042
289
289
289
289
289
1597
1095
1095
1095
592
592
592
592
219
219
219
219
219
219
219
219
219
1376
1273
688
688
688
688
891
891
891
1610
365
365
365
365
764
764
764
764
764
764
764
764
764
764
764
1553
389
389
389
389
389
596
596
596
596
596
596
596
596
596
596
596
596
279
279
279
279
279
279
858
858
858
858
858
858
785
785
785
785
785
785
785
785
766
766
426
426
426
1015
1015
1015
1015
1015
1246
1246
493
493
493
493
493
493
113
113
113
113
113
113
113
113
113
113
113
402
402
402
402
402
652
652
652
652
652
391
391
391
391
900
900
900
1092
1092
372
372
372
823
823
823
92
92
92
92
92
92
92
92
92
92
92
92
92
92
92
92
92
92
92
92
92
92
92
92
92
92
92
92
92
92
92
92
92
92
92
92
92
92
92
92
92
92
92
993
747
747
747
455
455
455
455
455
455
455
455
1280
1280
482
482
482
482
482
482
482
482
482
482
1149
1149
200
200
200
200
200
274
274
274
274
274
274
274
1649
638
638
638
638
638
638
638
638
638
638
582
582
582
582
582
386
386
386
386
386
386
386
386
386
386
386
386
386
386
386
386
386
767
767
767
767
767
767
565
565
565
565
565
565
565
804
804
804
804
204
204
204
204
204
204
868
868
868
627
627
627
627
816
816
1807
347
347
347
347
347
347
347
347
347
718
718
718
718
74
74
74
74
74
74
74
74
74
74
74
74
74
74
469
469
469
469
866
866
866
866
866
866
959
959
959
959
1487
625
625
625
625
625
625
1087
121
121
121
121
121
121
121
121
121
121
121
121
121
121
121
121
1390
783
1278
1278
759
759
554
554
554
554
554
554
554
554
554
554
554
254
254
254
254
254
254
254
254
254
254
370
370
370
370
370
370
370
1437
159
159
159
159
159
159
159
159
217
217
511
511
511
511
511
338
338
338
338
338
338
338
338
338
194
194
194
617
617
617
617
617
617
1276
1276
1525
872
872
872
1835
1835
781
781
781
781
377
377
377
377
377
1275
686
686
686
686
581
581
581
581
581
697
697
697
697
697
697
697
653
653
653
751
751
751
751
751
751
751
575
575
575
575
575
575
575
575
385
385
385
385
385
385
385
385
385
385
385
1341
970
970
970
202
202
202
202
202
202
202
861
861
758
758
758
758
758
758
821
821
821
821
821
821
821
233
233
233
233
233
233
233
233
233
364
364
364
364
364
107
107
107
107
107
107
107
107
107
107
107
107
107
742
742
742
742
742
1081
341
341
341
341
341
341
1290
663
663
663
269
269
269
269
269
269
269
269
269
269
1735
837
837
837
837
837
837
134
134
134
134
134
134
134
134
134
134
134
1108
125
125
125
714
714
714
714
714
714
714
714
714
714
714
568
568
568
568
568
568
801
801
801
801
80
80
80
80
80
80
80
80
80
80
80
80
80
80
80
80
80
80
80
80
80
80
80
80
80
80
80
80
80
80
80
80
80
80
80
80
80
80
80
80
80
80
80
80
80
80
80
80
80
292
292
292
817
817
817
817
817
817
1148
1382
1382
305
305
305
305
305
2500
954
954
954
1158
1158
1389
799
799
799
799
799
799
723
723
723
723
1484
422
422
422
422
422
422
1209
239
239
239
239
239
985
985
203
203
203
203
203
203
203
203
203
1832
1262
1479
1479
1375
649
649
649
649
649
725
725
427
427
427
427
427
427
1707
929
929
1136
369
369
369
369
369
369
986
986
986
1188
1188
1394
174
174
174
174
174
174
174
942
942
550
550
394
394
394
394
394
394
394
198
198
198
198
198
198
198
509
509
509
509
1011
354
354
354
354
354
665
665
1773
1009
1009
1009
1168
826
826
826
183
183
183
183
183
183
183
1077
1332
681
681
681
681
411
411
411
411
411
109
109
109
109
109
109
109
109
109
109
109
712
712
712
712
712
712
711
711
309
309
309
309
309
150
150
150
150
150
150
150
150
150
150
150
842
842
842
842
1222
486
486
486
486
486
486
56
56
56
56
56
56
56
56
56
312
702
702
702
702
702
702
702
154
154
154
154
154
154
1069
1069
1069
408
408
408
408
408
408
660
660
660
567
567
567
567
567
1521
77
77
77
77
77
77
77
77
77
77
257
257
257
257
257
257
257
257
257
201
201
201
201
201
201
211
211
211
211
211
211
211
345
345
345
345
345
392
392
392
392
392
392
623
623
623
623
822
822
822
822
822
1353
594
594
594
594
594
594
594
594
594
594
594
616
616
616
616
616
616
381
381
381
381
381
381
381
381
636
636
636
636
636
636
636
512
512
512
512
512
512
765
765
765
765
252
252
252
252
252
654
654
654
654
654
331
331
331
331
331
331
331
331
331
862
862
862
510
510
510
510
1472
1480
720
720
720
429
429
429
429
429
429
429
1162
1162
1162
576
576
576
576
576
576
576
576
576
576
489
489
489
489
1406
1406
1406
1224
1132
353
353
353
353
353
353
353
353
353
353
353
518
518
518
518
518
164
164
164
164
164
164
164
164
164
164
850
850
850
850
850
301
301
301
301
301
301
301
301
1046
1678
1592
1126
1126
1126
152
152
152
152
152
152
152
152
152
1219
1219
255
255
255
255
255
255
585
585
585
585
585
585
585
1172
795
691
691
691
691
691
691
691
691
186
186
186
186
186
186
810
810
810
810
810
810
810
1274
1274
871
871
871
1115
1033
1033
1324
965
965
542
542
542
542
1549
1451
1451
1428
934
934
934
180
180
180
180
180
180
180
180
180
180
546
546
546
546
546
253
253
253
253
253
253
253
253
1329
613
613
613
613
609
609
609
1266
1358
1358
1565
90
90
90
90
90
90
90
90
90
90
90
90
90
90
90
90
90
90
90
90
90
90
90
90
90
90
90
90
90
90
90
90
90
90
90
90
90
90
90
90
90
90
90
90
90
90
90
90
90
230
230
230
230
1705
76
76
76
76
76
76
76
76
76
76
76
76
76
76
76
76
76
76
76
76
76
76
76
76
76
76
76
76
76
76
76
920
920
920
920
655
655
655
655
655
655
655
655
655
655
1124
1124
599
599
599
599
599
911
911
911
814
814
814
814
814
307
307
307
307
307
307
307
307
307
307
992
453
453
453
453
658
658
658
658
658
658
303
303
303
303
303
303
303
303
303
303
580
580
580
580
580
580
580
580
580
1101
1101
940
940
451
451
451
451
451
451
384
384
693
693
693
693
693
693
693
887
887
887
887
1328
1370
1014
734
734
734
734
734
1130
933
275
275
275
275
739
739
739
739
739
739
739
739
828
828
343
343
343
343
1661
336
336
336
336
336
106
106
106
106
106
106
106
106
106
106
106
106
106
1388
1128
1225
1490
1032
1032
914
914
914
914
104
104
104
104
104
104
104
104
104
104
104
104
104
104
975
975
1256
1256
715
715
715
715
715
380
380
380
100
100
100
100
100
100
100
100
1083
1026
1026
1026
1405
689
689
689
689
950
950
950
950
761
761
761
761
761
745
745
745
1404
796
796
796
796
796
475
475
475
475
475
1175
1175
1175
1175
81
81
81
81
81
81
81
81
81
81
81
81
81
81
81
81
81
81
81
81
81
81
81
81
81
81
81
81
81
81
81
81
81
81
81
81
81
81
81
81
81
81
81
81
81
81
81
81
81
81
81
81
81
81
81
81
81
81
81
81
81
81
81
81
81
81
81
557
557
557
557
557
557
557
557
1369
1439
271
271
271
271
271
271
271
271
904
904
904
904
148
148
148
148
148
148
148
148
148
148
499
499
499
499
88
88
88
88
88
88
88
88
88
88
88
88
88
88
88
88
88
88
88
88
88
88
88
88
88
88
88
88
88
88
88
88
88
88
88
88
88
88
88
88
88
88
88
88
88
88
88
88
88
88
88
88
88
88
88
88
88
88
88
88
88
88
88
88
88
88
88
88
88
1202
1202
1003
265
265
265
265
265
265
719
719
719
719
719
58
1356
1356
1023
1023
1017
672
672
672
672
672
672
1757
1304
744
744
744
196
196
196
196
196
196
196
196
196
196
1031
1121
1121
1121
502
502
502
502
502
502
502
502
1517
1517
1002
1002
1002
1151
1151
1151
434
434
434
434
1422
1200
1198
1198
784
784
784
784
784
1540
678
678
678
678
1440
260
260
260
260
260
260
260
260
779
779
1025
1025
727
727
727
445
445
445
445
445
445
578
578
578
578
578
578
262
262
1001
1001
1001
1458
1458
1562
327
327
327
327
327
327
327
607
607
607
607
607
583
583
583
583
583
1365
915
915
915
598
598
598
598
598
78
78
78
78
78
78
78
78
78
78
78
78
78
78
78
78
78
78
78
78
78
78
78
78
78
78
78
78
78
78
78
78
78
78
78
78
78
78
78
78
78
78
78
78
78
78
78
78
494
494
494
494
494
494
494
494
494
494
494
494
494
393
393
393
393
393
603
603
733
733
733
733
733
523
187
187
187
187
187
187
187
187
187
187
1084
1084
1084
670
670
670
670
428
428
428
428
1165
874
874
874
874
782
782
782
782
782
261
261
261
261
261
261
261
261
566
566
566
515
515
515
515
515
515
515
515
515
84
84
84
84
84
84
84
84
84
84
84
84
84
84
84
84
84
84
84
84
84
84
84
84
84
84
84
84
84
84
84
84
84
84
84
84
84
84
84
84
84
84
84
84
84
84
84
84
84
84
84
84
84
84
84
1411
458
458
458
458
458
677
677
677
677
677
677
657
657
657
657
1648
813
813
813
813
476
476
930
930
930
646
646
646
646
721
721
403
403
403
1316
1316
571
571
571
571
571
571
571
571
485
485
485
485
485
485
485
412
412
412
412
412
412
463
463
463
463
463
463
463
463
330
330
330
330
330
330
330
330
330
330
987
987
987
987
775
775
775
775
775
775
775
1743
651
651
101
101
101
101
101
101
101
101
101
101
101
101
101
101
1637
774
774
774
774
527
527
527
527
527
527
527
295
295
295
295
295
295
295
295
295
87
87
87
87
87
87
87
87
87
87
87
87
87
87
87
87
87
87
87
87
87
87
87
87
87
87
87
87
87
87
87
87
87
87
87
87
87
87
87
87
87
87
87
87
87
87
87
87
87
87
87
87
87
87
87
87
87
87
87
87
87
87
87
87
87
87
87
87
87
87
87
87
87
87
87
87
87
87
87
87
87
163
163
163
163
163
163
163
707
707
707
707
707
1473
857
111
111
111
111
111
111
111
111
111
111
111
673
673
673
662
662
662
662
432
432
432
432
432
432
535
535
535
535
535
535
1475
189
189
189
189
189
189
189
189
189
1186
1186
913
637
637
637
637
637
1381
1381
258
258
258
258
258
258
258
374
374
374
374
374
374
1308
1308
140
140
140
140
140
140
140
140
1134
73
73
73
73
73
73
73
73
73
311
311
311
311
927
927
927
927
243
243
243
243
243
243
243
243
243
243
442
442
442
442
442
442
442
1250
831
831
831
831
645
645
645
645
645
645
645
1257
537
537
537
537
537
537
537
537
840
840
840
840
3263
705
705
281
281
281
281
281
281
281
281
281
281
281
680
680
680
1207
1207
454
454
454
454
454
454
454
956
956
956
1177
1177
1177
435
435
435
435
435
435
273
273
273
273
273
273
273
273
273
498
1013
1013
1013
1013
881
881
1397
263
263
263
263
263
1258
1258
1395
780
780
780
780
780
780
1133
1321
1343
938
938
938
938
938
845
845
845
221
221
221
221
221
221
221
221
556
556
556
556
1066
1424
1508
1190
401
401
401
401
401
401
407
407
407
407
407
407
407
407
492
492
492
423
423
423
423
423
103
103
103
103
103
103
103
103
103
103
103
103
103
103
1154
1154
1154
418
418
418
418
418
418
418
1021
1021
1021
827
827
398
398
398
398
398
398
398
398
953
953
901
901
661
661
661
661
661
661
661
661
661
1055
1055
995
294
294
294
294
294
294
634
634
634
634
634
634
1299
530
530
530
530
530
530
530
530
530
530
964
964
589
589
589
589
589
589
589
589
589
589
195
195
195
272
272
272
272
272
272
272
1249
1249
910
910
910
1086
1086
1086
1086
1143
128
128
128
128
128
128
128
128
1268
786
786
786
786
786
786
132
132
132
132
132
132
132
132
132
132
471
471
471
471
533
533
533
533
533
533
533
533
533
533
399
399
399
755
755
755
755
755
508
558
558
558
558
558
558
558
558
210
210
210
210
210
490
490
490
490
490
490
490
490
326
326
326
326
326
326
326
326
326
326
413
413
413
131
131
131
131
131
131
131
131
131
131
505
505
505
505
505
505
505
505
647
647
647
647
647
647
647
647
1024
1024
436
436
436
436
192
192
192
192
192
980
980
193
193
193
193
193
193
961
961
961
437
437
437
437
437
437
437
437
170
170
170
170
170
170
170
170
139
139
139
139
139
139
139
139
139
474
474
474
474
474
474
591
591
591
1291
1117
1117
368
368
368
368
368
368
368
120
120
120
120
226
226
226
226
226
754
754
754
754
754
754
754
1220
383
383
383
383
383
383
383
682
682
682
682
1218
536
536
536
536
536
536
536
629
629
629
629
629
629
438
438
438
438
438
438
1064
1064
1064
1058
1058
1058
675
675
675
675
675
675
675
675
675
675
675
675
675
467
467
467
467
467
339
339
339
339
699
699
699
699
699
1160
1160
431
431
431
431
431
431
431
431
431
1183
480
480
480
480
462
462
462
462
462
462
462
462
849
1110
1110
501
501
501
501
824
824
824
824
824
824
71
71
71
71
71
71
71
71
71
71
71
71
71
71
71
71
71
71
71
71
71
71
71
71
71
71
71
71
71
71
71
71
71
71
71
71
71
71
71
71
71
71
71
71
71
71
71
71
71
71
71
71
71
71
71
71
71
71
71
71
71
85
85
85
85
85
85
85
85
85
85
85
85
85
85
85
85
85
85
85
85
85
85
85
85
85
85
85
85
85
85
85
85
85
85
85
85
85
85
85
85
85
85
85
85
85
85
85
85
85
85
85
85
85
85
85
85
85
85
85
85
85
85
85
85
85
85
85
85
405
405
405
405
405
1759
1374
1383
126
126
126
126
126
126
126
126
126
126
126
126
126
126
126
126
479
479
479
479
479
479
479
479
479
500
500
500
500
500
500
414
414
414
414
414
414
414
1059
1059
1123
1123
1123
895
895
895
155
155
155
155
155
155
155
155
829
86
86
86
86
86
86
86
86
86
86
86
86
86
86
86
86
86
86
86
86
86
86
86
86
86
86
86
86
86
86
86
86
86
86
86
86
86
86
86
86
86
86
86
86
86
86
86
86
86
86
86
86
86
86
86
86
86
86
86
86
86
86
86
86
86
86
86
86
86
86
86
86
86
86
86
86
86
86
86
86
86
86
86
86
86
503
503
503
503
503
503
503
503
503
1688
1176
1102
165
165
165
165
165
1430
1223
1020
981
1483
1028
902
902
902
561
561
561
561
1325
1325
349
349
349
349
538
538
538
538
538
538
538
838
838
838
838
948
948
948
948
777
777
777
424
424
424
424
424
424
424
424
555
555
555
555
555
555
555
555
798
798
798
798
484
484
484
484
484
484
1427
1427
1427
1481
778
778
778
315
315
315
315
1142
1142
425
425
425
425
425
990
990
990
923
923
923
923
974
584
584
584
1080
1080
491
298
298
298
298
298
298
298
984
984
606
606
606
606
606
1391
1391
793
793
793
793
793
793
793
793
793
982
982
286
286
286
286
286
286
286
286
286
286
286
540
540
540
540
540
540
540
540
540
1079
1079
1079
1079
156
156
156
156
156
156
156
156
225
225
225
225
225
225
225
225
440
440
440
532
532
532
601
601
601
601
601
235
235
235
235
235
348
348
348
348
348
89
89
89
89
89
89
89
89
89
89
89
89
89
89
89
89
89
89
89
89
89
89
89
89
89
89
89
89
89
89
89
89
89
89
89
319
319
319
319
319
319
319
319
319
449
449
449
449
449
639
639
639
639
939
939
939
939
724
724
724
724
724
325
325
325
325
325
325
232
232
232
232
232
232
232
232
232
750
750
750
750
750
750
750
105
105
105
105
105
105
105
841
841
841
841
841
841
841
841
841
869
869
869
869
869
569
760
760
760
760
963
619
619
619
619
619
300
300
300
300
300
157
157
157
157
157
157
115
115
115
115
115
115
115
115
115
115
115
115
115
115
115
115
880
249
249
249
249
249
249
249
249
249
249
410
410
410
410
410
410
410
1098
1197
1197
142
142
142
142
142
142
142
142
142
142
507
507
507
507
507
507
507
748
748
748
748
748
304
304
304
147
147
147
147
147
147
147
147
147
147
679
679
679
879
879
879
879
690
690
717
717
717
717
717
717
1075
1075
1075
1613
506
506
506
506
506
506
506
506
506
1029
1029
855
855
559
559
559
559
559
559
1164
1094
1094
1094
1893
1082
400
400
400
400
797
797
797
797
246
246
246
246
246
450
450
450
450
450
450
450
450
450
450
450
167
167
167
167
611
611
611
978
978
978
628
628
628
628
628
136
136
136
136
136
1239
215
215
215
215
191
191
191
191
191
191
191
191
618
1558
1036
1036
1036
472
472
472
472
472
472
472
1090
573
573
573
573
573
110
110
110
110
110
110
1071
1210
1210
1210
1215
746
746
746
746
746
133
133
133
133
133
133
1146
1146
1146
1146
1146
1146
270
270
270
270
270
270
270
270
270
762
762
762
762
762
228
228
228
228
119
119
119
119
119
119
119
119
119
119
119
119
903
903
903
903
478
478
478
478
1135
1135
1135
1292
266
266
266
266
266
266
266
266
266
264
264
264
264
264
264
264
264
116
116
116
116
116
116
116
116
116
487
487
487
487
487
487
487
487
487
122
122
122
122
122
122
122
122
122
122
122
695
695
695
949
949
162
162
162
162
162
162
162
162
162
710
710
710
710
710
710
710
124
124
124
124
124
124
124
124
124
124
124
124
124
124
124
466
466
466
367
367
367
367
367
367
367
367
1182
468
468
468
468
468
1303
61
69
397
397
397
397
397
397
397
229
229
229
229
229
229
229
229
229
229
229
229
808
808
808
222
222
222
222
222
222
222
161
161
161
161
161
161
161
161
161
161
820
820
820
893
790
790
790
234
234
234
234
234
234
234
1368
1152
280
280
1270
1270
457
457
457
457
457
457
207
207
207
207
207
207
207
207
207
728
728
728
728
728
728
728
701
701
1384
420
420
420
420
1063
1063
1063
713
713
713
127
127
127
127
127
127
127
127
127
1206
1206
958
283
283
283
283
283
283
283
283
1045
1169
1191
1191
495
495
1789
909
909
909
909
909
884
884
884
884
884
884
95
95
95
95
95
95
95
95
95
95
95
95
95
95
95
95
95
95
95
95
95
95
95
95
95
95
95
95
1129
1129
1129
788
788
788
788
788
807
807
807
360
360
360
360
360
520
520
520
520
520
520
520
1005
1005
529
529
529
529
529
529
529
529
694
694
694
694
694
694
1212
1212
526
526
526
97
97
97
97
97
97
97
97
97
97
97
97
97
97
247
247
247
994
994
79
79
79
79
79
79
79
79
79
79
79
79
79
79
79
792
792
362
362
362
521
521
521
521
521
521
521
521
865
865
865
865
1105
1105
1047
1047
361
361
361
361
361
740
740
740
740
740
740
740
996
996
996
955
955
955
955
175
175
175
175
175
175
991
991
991
991
991
287
287
287
1287
1287
141
141
141
141
141
141
141
141
674
674
674
674
674
674
674
190
190
190
190
190
190
190
190
190
190
190
190
190
190
190
848
848
848
848
848
572
572
572
572
572
293
293
293
293
293
268
268
268
176
176
176
176
176
176
176
176
176
176
176
481
481
481
481
416
416
416
416
416
416
416
416
91
91
91
91
91
91
91
91
91
91
91
91
91
91
91
91
91
91
91
91
91
91
91
91
91
91
91
91
91
91
91
805
805
805
805
805
805
805
805
577
577
577
513
513
513
513
513
513
513
897
897
894
894
465
465
465
465
465
756
756
756
756
809
99
99
99
99
99
966
149
149
149
149
149
149
83
83
83
83
83
83
83
83
83
83
83
83
83
83
83
83
83
83
83
83
83
83
83
83
83
83
83
83
83
83
83
83
83
83
83
83
83
83
83
83
83
83
83
83
83
83
83
83
83
83
83
83
83
83
83
83
83
83
83
83
83
83
83
83
83
83
83
83
83
83
83
83
83
83
83
83
83
83
83
83
83
1322
1195
834
834
641
641
641
641
1310
1310
1493
738
738
738
738
738
738
931
931
1216
276
276
276
276
276
276
276
276
276
600
600
600
600
600
600
600
600
600
856
856
856
299
299
299
299
299
299
1620
138
138
138
138
138
138
138
138
803
803
803
803
741
741
741
504
504
504
504
504
504
860
860
860
363
363
1044
889
889
245
245
245
245
245
245
357
357
357
357
357
430
430
430
517
517
517
1060
1060
597
597
597
812
943
685
685
685
685
1354
997
997
1423
1423
551
551
551
551
2773
1196
1061
1061
1061
973
973
947
947
334
334
334
334
1363
1260
488
488
488
488
488
488
477
477
477
477
667
667
667
667
667
667
1444
659
659
729
729
729
946
946
946
514
514
514
514
514
514
514
514
1777
656
656
656
656
1708
976
1091
1091
1091
1091
496
496
496
496
768
768
768
957
957
297
297
297
231
231
231
231
1043
1043
1344
220
220
220
220
220
220
220
908
908
96
96
96
96
96
96
96
96
96
96
96
96
96
743
743
743
214
214
214
214
214
214
214
3000
379
379
379
379
379
379
379
1401
1401
905
531
531
531
531
531
531
531
531
531
531
531
852
852
852
852
1118
945
945
945
169
169
169
169
169
1107
1107
1161
1277
366
366
366
366
366
366
366
366
773
773
773
773
516
516
516
516
516
516
516
516
302
302
302
302
302
302
1806
666
666
666
666
666
666
666
666
666
75
75
75
75
75
75
75
75
75
75
75
75
75
75
75
75
75
75
75
340
340
1272
1272
1100
316
316
316
316
316
316
626
626
626
626
626
626
735
735
735
735
735
735
735
735
1089
1089
1089
1089
1016
199
199
199
199
199
199
199
199
696
696
696
696
696
696
1342
851
851
851
851
851
851
1420
1420
1336
1336
184
184
184
184
184
184
184
184
806
806
806
1145
1226
1226
844
844
844
818
818
818
818
772
772
772
772
772
1333
1333
227
227
227
227
227
227
227
49
49
49
49
49
962
962
962
146
146
146
146
146
146
830
830
1522
932
932
439
439
439
483
483
483
687
687
687
687
687
460
460
145
145
145
145
145
145
145
1034
1034
1034
1034
525
525
525
791
791
791
791
553
553
553
553
553
553
553
553
553
553
644
644
644
644
644
644
351
351
351
351
351
351
406
406
406
406
406
406
406
406
833
833
833
833
833
1371
322
322
322
322
322
322
322
921
82
82
82
82
82
82
82
82
82
82
82
82
82
82
82
82
82
82
82
82
82
82
82
82
82
82
82
82
82
82
82
82
82
82
82
82
82
82
82
82
82
82
82
998
883
883
333
333
333
333
333
333
223
223
223
223
223
223
223
223
238
238
238
238
238
1050
1050
1050
1305
969
802
802
802
802
802
185
185
185
185
185
185
185
185
461
461
461
461
461
358
358
358
358
358
358
877
877
1008
1008
789
789
789
789
789
789
789
789
614
614
614
614
698
698
698
698
698
698
882
882
882
882
1214
1214
731
731
731
731
731
924
924
716
716
716
1528
452
452
452
452
452
452
936
936
936
151
151
151
151
151
151
151
151
151
197
197
197
1295
1295
979
376
376
376
98
98
98
98
98
98
98
98
98
98
98
1097
313
313
313
313
313
112
112
112
112
112
112
112
112
112
112
112
112
112
112
112
320
320
320
320
320
320
1791
1242
1242
684
684
1156
350
350
350
350
350
350
350
318
318
318
318
318
318
318
318
1103
787
787
787
787
787
787
787
787
564
564
564
564
564
564
564
130
130
130
130
130
130
130
130
130
375
375
375
375
375
1113
951
951
951
951
1261
1261
206
206
206
206
206
206
206
206
875
875
875
875
543
543
543
543
543
543
543
543
543
143
143
143
143
143
143
143
143
836
836
836
836
899
899
643
643
811
811
811
811
811
560
560
1056
519
519
519
519
1338
587
587
587
587
704
704
704
620
620
620
620
620
620
846
846
846
846
846
846
846
846
726
726
241
241
241
241
241
1052
1127
1127
977
977
977
168
168
168
168
168
168
168
168
290
290
290
290
769
769
769
769
749
749
749
749
114
114
114
114
114
114
114
114
114
114
114
547
547
547
547
547
547
547
282
282
282
282
282
282
282
282
1041
296
296
296
296
296
296
763
763
763
763
763
763
648
648
648
648
648
648
648
1185
1185
1185
1185
1185
1163
1163
291
291
291
291
291
291
177
177
177
177
177
177
177
177
177
692
692
692
859
859
859
859
1349
835
835
835
179
179
179
179
179
179
179
179
179
355
355
355
1062
1062
66
621
621
621
621
621
1543
771
771
446
446
446
446
446
390
390
390
390
390
390
390
390
1532
329
329
329
329
329
329
329
188
188
188
188
188
188
188
188
188
188
188
188
188
188
387
387
387
387
387
387
387
919
919
919
919
1111
1111
314
314
137
137
137
137
137
137
137
137
917
917
917
1204
267
267
267
267
267
267
464
464
464
464
464
464
464
464
464
886
886
886
417
417
417
417
417
417
417
417
605
605
605
1000
1000
1000
1000
93
93
93
93
93
93
93
93
93
93
93
93
93
93
93
93
93
93
93
93
93
93
93
93
93
93
321
321
321
321
321
352
352
352
352
352
624
624
624
624
624
624
624
624
624
337
337
337
337
337
337
337
522
522
522
522
522
522
522
912
912
912
912
925
925
925
700
700
700
700
700
700
700
700
256
256
256
256
256
448
448
448
671
671
671
209
209
209
209
209
209
209
209
209
209
209
209
579
579
579
579
579
1208
1208
1189
310
310
310
310
310
310
545
545
545
545
730
730
730
730
730
730
160
160
160
160
160
160
285
285
285
285
285
285
285
285
285
285
237
237
237
237
237
237
237
237
1106
259
259
259
259
259
259
259
615
615
615
615
615
615
615
615
72
72
72
1012
1012
1012
870
870
870
870
870
870
847
847
443
443
443
443
443
443
