5529
2810
4947
4947
5820
4609
4609
4609
4979
4979
4979
4596
4596
4596
4596
4596
4670
4670
4670
3762
4313
4313
4313
4877
4877
5015
5015
5052
5052
5052
5052
4805
4805
4805
5651
5651
5651
5326
5326
5326
5326
5370
5370
5370
5187
5187
5187
4758
4758
4758
4758
3820
4892
4892
4892
4187
4187
3445
4293
4293
4760
4760
4760
5694
5475
5475
5475
3983
3983
3983
5695
5695
5695
5695
5438
5438
4641
4641
4641
4641
4641
4641
5950
3823
3823
3963
3963
3963
5726
5696
5696
5696
5696
5696
5696
5696
5696
5099
4310
4310
4310
3935
3656
3656
3656
3776
3776
3776
3776
3960
3960
5469
5469
5469
5469
5469
5469
5574
5574
5709
5709
5709
5709
5709
5337
5337
5337
5383
5383
5383
5383
5383
5383
4271
5916
4889
4889
3978
3978
5685
5685
5122
5122
3787
3787
5432
5432
4708
4708
4708
4017
4594
4594
5331
5575
5575
5575
5575
5575
4512
4512
4512
3626
3626
4680
4680
4680
4680
5374
5374
4916
4916
4526
4526
5270
5270
5270
4362
4362
3934
3934
5623
5623
3879
4249
4249
4249
5054
5054
3964
3708
3842
3842
5570
5570
5570
5570
5570
5570
5570
3759
5402
5402
5402
5402
5275
5275
5287
5287
4930
4930
4420
5697
4206
4309
4309
4171
4730
4730
4730
4730
4730
4730
4730
4730
4730
4936
4936
4936
4936
4936
4928
4639
4639
4639
4639
4639
4195
5485
5485
5485
5485
5485
5485
3479
5293
5293
3329
4441
5381
5381
5381
4351
3266
5304
5304
5304
4782
4782
4626
4626
4133
4133
4307
4307
5532
5532
3335
5063
5063
5063
5063
5063
4395
4395
4052
4052
5014
5014
5014
5014
5014
5014
3653
4553
4553
4553
5308
5308
5308
4817
4817
4817
4817
4817
4817
3080
4853
4853
5830
4265
4910
5035
5035
5035
5857
5440
5440
5440
4335
4335
4335
3346
4134
4134
4126
4126
4625
4625
4625
4524
4524
4524
5076
5076
5076
5076
3818
4224
3294
3294
5066
5066
5066
3872
3872
3872
2814
4300
4300
4300
3491
5560
5560
5560
5560
4410
4772
4772
4772
5828
5801
5801
4074
4337
4337
4337
4337
4532
4532
5193
5193
5193
5193
5193
5802
4021
4021
4021
4021
5740
4951
4800
4800
4800
4800
4800
4800
4242
3764
3764
3764
3764
5424
5424
5424
5424
5056
5056
6036
5698
5698
5515
5515
4959
4959
4922
4922
4922
4922
5073
3265
4169
4169
4696
5729
5729
5729
5729
5729
5668
5668
4837
4837
4837
4837
4837
4550
4550
4550
4550
4263
4263
4263
4263
4590
4590
4590
4590
4590
4590
4590
4590
5760
5760
3746
3746
3746
3940
3940
5615
5615
5615
5615
3813
3813
4343
4343
4343
4343
5678
4514
5784
5196
5196
5196
5196
5196
5196
5196
5196
5257
4546
4546
4546
4546
4546
4546
5815
4537
4537
4537
3956
3956
3956
5230
5230
4435
4435
4435
4435
4818
4818
4867
4867
2890
5397
4780
4780
4780
4780
4780
4780
4068
4053
4473
4473
4473
4473
5348
4927
4927
5607
5557
4107
4107
5306
5306
5306
4786
4786
4786
5446
5446
5446
5320
5412
4001
3910
3910
3752
3137
3501
4329
4329
4329
5136
5136
5136
5136
5136
4245
5057
5057
5057
5057
5057
4041
4041
5241
5241
5241
5241
3680
5538
5377
5377
4004
4004
4004
4004
4415
4415
4415
5453
5453
5453
5453
5453
5310
5310
5310
5310
5310
4380
4380
4380
5110
5110
5110
2742
3201
5017
5017
5017
5017
5031
5031
5031
5031
5031
5031
5031
5031
4403
4403
5853
5597
5239
5239
5239
2607
4650
4650
4650
4650
4650
4650
4459
4459
4495
3857
3857
3857
3857
4803
4803
4803
4803
4803
5060
5060
5060
5060
5327
5327
5490
5490
5490
5490
4044
4044
3760
3760
3760
4866
4866
4866
5117
5117
5211
5211
5211
4006
4229
4229
4229
4334
4334
5245
5245
5245
5366
5366
5345
5345
5411
5411
5411
4681
4681
4681
5207
5207
3902
4490
4457
4123
4123
4123
4168
4168
4168
4168
4099
5203
5203
5203
5569
5569
4196
4196
4196
5007
5007
3788
4439
4439
3326
3650
5194
5194
4531
4531
4481
4481
5389
5389
5389
5389
4328
4328
4328
4328
4328
4328
5408
5408
5150
5150
5150
5150
5150
4081
4081
5365
5365
5365
4292
4292
4014
4014
4014
4014
5606
5606
5606
4718
4718
4718
4718
5361
5361
5361
5361
5361
4009
4009
4259
4259
5043
4704
4704
4704
4704
4704
5627
5566
5566
5566
3629
4751
4751
4751
5184
5184
5184
5184
5108
5108
5108
4062
4062
4062
4062
4062
4062
4907
4299
5165
4595
4595
4595
3966
3966
5902
3261
4348
4348
3959
4619
4619
4619
4726
4726
4647
4647
5417
5417
5417
4754
4754
4256
4256
4923
4923
4923
4923
4923
4783
4783
4783
5645
5645
5645
3930
3930
4710
4710
5549
4766
4766
4766
5919
2931
5609
5609
5609
4614
4614
3588
3588
5248
5248
5316
5316
5316
5964
4695
4695
4695
4695
4695
4631
5266
5266
5266
5590
4713
4713
3596
5437
5437
5437
5437
5437
5514
5514
5514
5336
5336
5336
4075
5338
5338
5338
3843
3843
4729
4729
4729
4729
3240
3579
3906
5280
5280
5280
5280
5454
5454
5454
5454
5454
4152
4152
4152
5126
5126
3630
5624
5624
4683
4683
4683
4683
5116
5116
5116
4915
4915
5030
5030
5030
5030
5120
5120
4064
5178
5178
5178
5539
5539
5095
5095
5095
5095
5277
5277
5341
3521
5392
4931
4931
4950
4950
4950
5104
4513
4233
4233
4465
5567
5567
4404
4404
4404
4404
4427
5314
5314
3874
3874
3874
3874
4617
4617
4617
4617
4617
5949
4645
4645
4645
4645
4645
4775
4775
4775
3405
5581
3156
3156
5200
5200
2911
5078
5078
5078
4414
4414
5483
5483
4349
4349
3799
4189
4189
4189
4189
4823
4530
4564
4564
4564
4564
4564
5441
5441
5441
5192
5192
5192
5192
5951
5175
3951
3951
6017
5583
5583
5583
5583
5583
3733
3733
5290
5290
5290
5290
5290
5372
3907
3907
3907
3907
4623
4623
5859
5368
4478
4478
4478
5388
5388
5388
5388
3747
3747
3747
4254
4254
4254
4254
4254
4151
5379
5379
5379
5384
4203
4203
4401
4401
4401
5046
5046
4048
4048
5985
5279
5279
5279
5491
5633
5633
5633
5186
5186
5186
5186
3666
3666
3666
4304
4812
4812
5028
5028
5028
5028
3384
4117
5387
5387
5836
4131
4131
4131
4131
3778
5145
5145
5145
4648
4648
4648
4796
4839
4276
4323
4323
4323
2883
4509
4509
5526
5526
5741
5741
4520
4520
4706
4192
5519
5979
4440
5936
4400
4400
4475
3267
4827
4827
5435
5419
5419
5419
5419
5419
4159
4159
3635
4130
4130
4130
5318
5318
5185
5185
5534
5534
5534
5480
5480
4980
3835
4926
4926
4926
4636
4636
4636
4636
4636
4636
4544
5459
5459
4945
4945
4945
3988
3988
5410
5410
5410
4458
4409
4007
4007
4007
4007
5205
5205
5205
5628
5679
5679
5552
5699
5699
5699
5699
4567
4567
4567
4567
5664
5664
5394
5394
5394
5394
4646
4646
4646
4646
4646
4646
4646
5939
5939
3888
3674
4023
4023
4023
4613
4613
4179
4179
3506
4699
3974
3974
5662
3749
4697
4697
4697
4579
4579
5711
4065
4065
4065
4802
4802
3210
3701
4668
4668
4755
4755
3690
5140
5140
5140
4991
4663
4663
5580
5580
5580
5747
3830
3830
4164
4164
5113
4320
5166
4354
5081
5081
5081
5081
5081
4679
4679
4679
4679
5071
5071
5071
5071
4618
4618
4618
4618
5171
5171
5171
5171
5171
4938
4938
4938
4938
4150
4150
4150
4148
4148
3552
4429
4429
4109
4109
4109
4012
4012
4012
4540
4540
5404
5404
5131
5131
4116
4160
3571
3571
3571
5953
5953
5350
5350
5350
5350
5350
5005
3524
3524
5888
5501
5501
3991
3991
3900
3900
3615
4629
5826
5826
4141
4141
4141
4505
5087
4848
4848
4848
5376
5376
4306
4306
4306
4306
4204
4486
4486
3661
3661
5458
5458
3840
3840
5745
5745
5745
3790
5179
3523
4102
4422
4422
4913
4913
4913
4913
4913
4913
5292
5292
5292
5292
5292
5602
5602
5602
3018
5000
5000
5000
5000
5000
4659
4659
4659
4914
4914
4914
3958
3958
4601
4601
4601
4601
4601
4601
5692
5692
3838
5635
5635
5088
5088
5037
5037
3279
4383
4383
4190
4190
5593
5593
5367
5367
5367
4235
4235
4565
4565
3545
4507
4847
4847
4847
6014
5553
5553
5553
5158
5158
5158
4793
4793
4793
4793
4793
4793
4793
4793
4291
5686
4885
4257
4257
3962
3962
5418
5418
5957
4831
5579
5579
5579
3508
3828
5720
5720
3949
4761
4761
4761
4154
5652
5652
3730
3730
5506
5506
5702
5702
5702
5155
4347
4432
5622
5622
4483
3791
3791
3791
3606
4578
4578
4578
4578
3250
4097
4097
4097
4184
4201
4201
4201
5300
5300
4994
4994
4893
4893
5141
5141
5141
4743
4743
3600
3600
4962
4962
4962
4962
4894
4894
4019
4545
4545
4545
4545
5731
4470
4397
4397
4397
4901
5019
5019
5019
3977
3977
4302
4302
3487
4287
4287
4525
4525
5451
5451
4228
4228
3459
2659
3536
5127
5127
5127
3211
4463
4463
5323
5323
5323
4111
4111
4111
4111
4111
5770
5770
4528
4528
4528
4528
4528
4528
4528
3884
3884
5838
5055
3582
3582
3582
4324
4324
4856
4856
4856
4920
4920
4920
5761
5761
5761
3728
3728
3728
3886
3886
3886
5938
5578
5578
5578
4438
4438
4438
4738
4738
4738
4738
4173
4173
4527
4527
4527
4527
4527
4527
4539
4539
4539
4539
5264
5264
5264
5264
4851
4851
4851
4086
4836
4836
4836
4836
5818
5660
5660
5683
5683
5683
5048
5048
5048
4371
4371
4371
5033
5033
5033
4770
4770
4770
3216
5342
5342
5342
5342
4084
5159
4445
4296
4296
4296
4296
4572
4572
4572
3304
4769
4769
4769
4769
4769
4769
4290
4290
4290
4290
4290
4290
5072
5428
5428
5428
5428
5261
5261
4215
4215
5135
5135
5135
5016
5016
5016
5864
5864
5208
4342
4685
4685
4685
4685
5464
5464
5481
5481
5481
5481
5481
5481
5547
4873
4873
4873
4873
4872
4872
4872
4872
4872
4872
4872
4872
3811
5835
5199
5199
5199
4826
3373
4742
5322
5322
5322
5322
3809
3809
2592
5283
5283
4346
4346
4485
5739
5739
5739
5739
2865
4717
4717
5848
3771
4020
4020
4020
3736
4661
4661
4661
4661
4661
4642
4829
4829
4829
4829
4010
4010
4010
4010
3634
5727
5764
5764
3277
4549
4549
4549
4549
3554
2937
4231
4231
5084
5084
4106
4106
3942
3942
5509
4875
4875
4689
4172
4722
4223
4223
4449
4449
4449
5148
5148
5148
4241
4241
4241
4241
4241
4241
4241
4535
4535
4535
4535
4069
4069
4069
3744
4997
4057
4057
4057
4500
3946
3946
4859
4859
4859
4859
5362
5409
4709
5094
5094
5094
5094
5094
5625
5625
4089
4089
4108
4108
4108
4108
4632
4632
4632
4632
4632
4450
4450
4450
3486
3486
4990
4990
4990
4990
4990
4779
4887
4887
4887
5147
5147
5018
3075
5249
5249
5049
5049
4995
4995
4995
4995
4995
4995
5344
5344
5344
5344
5344
5344
5344
4066
4352
4352
4080
4433
4433
5002
5002
5631
5631
4969
4969
3553
3412
5530
5530
4035
5181
5181
5181
4469
4469
5677
5677
3434
3434
4506
4506
4506
3542
3473
3473
4864
4864
4864
4864
5307
5307
5307
4964
4356
4356
4356
5032
5032
5968
4105
3982
3982
3982
5045
5045
5045
5045
4046
4046
4046
4587
5556
5556
5556
5556
5556
3509
4633
4633
4633
4633
4633
4633
5535
5535
5535
4788
4788
4788
3885
3885
3943
4627
4627
4627
4627
4748
4748
4748
4912
4912
5598
5598
4399
4888
4888
4888
2809
5373
5373
5242
3358
4792
4792
4792
5595
5595
5595
5595
5595
5595
4113
5312
4008
4008
5039
5039
5039
5039
4871
4972
4972
4972
4556
4501
4501
4501
4501
4561
4561
4561
4286
4286
4286
4270
4270
4270
4270
4270
3711
5619
5619
5619
5714
5714
5714
5714
5714
3269
3269
4340
4340
4340
4350
4350
5643
5643
4344
4344
3761
5083
5083
5083
5477
5477
5477
5477
3798
3798
2724
5267
5267
5267
4112
5353
5353
5782
3300
3845
3845
5062
5324
5324
3603
4576
4576
4576
5899
3421
5413
4733
4733
4733
4733
4733
4115
4115
4115
4115
5040
5040
5040
5040
4518
4518
4518
4518
4027
4027
4027
4027
4027
4220
4752
4752
4752
5152
5152
5152
5152
4384
4384
3849
3849
3849
3860
5819
5237
5237
5237
5237
5237
4051
4332
4332
4768
4768
4768
4735
4735
4762
4762
4762
4791
4791
3737
3737
3737
5611
3754
5523
5523
5523
5523
5423
5423
5423
4085
5132
5132
4385
4267
4428
4428
4714
4714
4714
4714
4714
4714
4114
4423
4423
4423
5605
5605
5605
4357
4357
3905
3905
5591
5591
5591
3996
5284
5284
3756
5658
4248
5525
4365
4365
4365
3742
3916
3916
5772
5561
5561
5561
5311
5311
5311
5562
5562
4033
4919
4919
5522
4366
5804
5804
3822
4981
4981
4981
4771
4771
4747
4747
3899
3646
3646
5620
5620
5620
5620
4737
4737
4737
4100
3875
3875
5766
5766
5766
5766
5955
5351
5351
5351
5479
5479
5479
5479
5479
5479
5889
5889
5889
5498
5498
4971
4971
3074
3074
5189
5189
5189
5189
5550
5550
5550
5550
3642
5436
5436
5436
5436
5436
5436
4924
4924
4924
5681
3533
4824
4824
5716
5716
5716
4243
4243
5403
5044
5044
5922
5743
5743
5743
5659
4820
4804
4804
4804
4804
4804
4804
4804
4278
4294
4294
4294
4294
5098
5111
5303
5303
5303
5303
5303
5399
5399
4811
4811
4345
4345
4345
4345
3987
4297
4297
4297
4896
4896
4896
4536
4536
5439
5439
4144
4538
4538
4538
5253
5253
5253
5253
5253
5134
5134
5134
5134
3342
5101
5101
5101
4186
4186
4149
4149
4678
4678
4678
4678
4678
4678
4678
4678
4363
4869
4869
4869
4869
4519
4519
4794
4794
5160
5160
5160
5447
5447
5572
3810
3810
3810
4746
4746
4746
4746
4746
4055
4055
4055
4600
4600
4600
4600
4600
4600
4700
4700
4700
4700
5047
5646
5646
5646
5646
5405
5405
5405
4795
4795
4795
4795
4795
4795
5688
4369
4369
4369
4369
3816
3723
5422
5422
5422
3864
3864
3864
3586
3178
5621
5414
5414
5414
5414
5414
4493
4493
4493
5213
5213
5213
5213
5325
5325
5325
5109
5109
5333
5333
5333
5555
5555
5555
4666
4833
4833
4833
4833
4630
4630
4630
3670
5712
4523
4523
4523
4523
4863
4863
4863
4156
4674
4674
4674
4674
5511
5511
5511
5511
4042
5238
5238
5238
4911
4911
4911
4966
4966
4966
4494
5717
5717
5717
5472
5472
4005
4005
4005
4005
4005
4005
4548
4548
4548
4720
4720
4720
4720
4721
4721
4721
5177
5177
5973
3719
3719
4181
4181
5223
5223
5223
5223
3837
3837
4693
4693
3667
5471
5471
5471
5471
5471
5210
5210
5215
5215
5215
5215
4649
4649
4127
4127
4127
4127
4702
4702
4702
4702
4702
5395
4861
4861
4861
4104
4104
4104
4104
4104
4104
5340
5340
4604
3709
4573
5313
5313
5313
5313
5313
4361
4905
3663
3663
3824
4860
4860
4860
4860
4860
4860
4860
5268
5268
5268
4715
3292
5821
5821
5354
5354
5354
5354
4954
4954
3995
3995
3995
5217
5217
5217
5262
5262
3948
3948
3948
3948
3948
4985
4985
4985
4985
4985
4985
4985
5749
5528
5528
2649
4854
3619
5823
4182
4182
4182
5544
5544
5544
5544
5544
3920
3920
5191
5086
5086
5167
5204
5689
5689
5689
4667
4667
4667
4667
4018
4018
4018
5586
5586
5586
5202
4582
4582
4582
4701
4701
5466
5466
5589
4341
4341
3876
3876
3876
3876
3891
3891
4135
4135
4135
3252
3492
3493
3493
2679
5378
5378
5378
3214
4377
3783
3783
3072
4098
4933
4933
5296
5296
5296
5296
5296
4308
4308
3715
3136
2630
5001
5001
5001
5061
5061
4616
4658
4658
4658
4260
4260
4260
4260
4321
4321
4321
4321
4321
4570
4570
4570
4491
4491
3224
3224
3543
3543
5240
5240
5360
5360
5255
5255
5255
5255
5255
5255
4128
4128
4128
5980
3627
3627
3627
3627
3627
3627
5599
5416
5416
5416
3914
3914
3914
4635
4635
4635
4635
4635
5533
5533
5533
5533
4476
5541
5541
4987
4987
4987
4987
4987
4471
4471
4471
4471
4471
4471
5038
5038
5038
5038
5038
5038
5038
5038
4777
4777
4777
4777
4777
5212
5212
5212
4322
2966
5450
5450
5450
5450
4835
4835
3921
5797
3928
4054
4909
4727
4727
4727
4727
4727
3793
3793
4067
5074
4059
4059
4874
4874
4874
4874
4874
4082
4381
4381
4948
5027
4899
4899
4899
4464
4464
5769
5273
5273
5273
5273
5273
3344
5024
5024
5024
5024
4591
4591
4591
4591
5730
4941
2767
5497
5813
5359
5359
5359
4937
5256
5256
5256
5256
4588
4588
4588
3714
3714
4956
4956
4956
4956
5508
5508
5508
3430
4736
4736
4736
5355
5869
4301
4301
4301
5258
5258
5258
5929
4846
4846
4846
4597
4597
4580
4580
4580
4462
4462
4462
4462
4462
4462
3731
3731
3731
4238
4574
4574
4574
4574
5759
5759
3769
3382
3382
4638
4638
4638
4638
4638
4638
4094
4094
5093
5093
5093
5093
4103
4103
5221
5221
5221
3819
3819
3819
3819
3616
5157
5157
5157
5157
5157
5157
3336
4275
4275
3242
3797
3612
5462
5462
4801
4801
4801
4801
5190
5190
5190
4664
4664
4664
3827
3827
5735
5735
4240
5006
5006
5006
4534
4534
3511
3159
5837
5776
5776
4137
4137
4137
4452
4091
4091
4091
4684
4684
4684
3562
4883
4883
4745
5855
5855
5855
5844
4898
4898
5715
5715
4194
4194
4194
5789
3866
5164
5164
5596
5596
5596
5596
5596
4615
4615
4654
4654
4654
4654
4364
4364
4364
5427
5427
4825
4825
4825
4825
5180
5180
5180
5385
5385
5302
5302
5302
5302
4028
4028
4934
4934
4934
4934
3618
5616
5616
5616
5382
5382
5281
5281
5281
4026
5488
5488
5488
5488
4448
4448
4448
3590
5807
4988
4988
4832
5713
5713
3413
4665
4665
4665
4665
4394
4394
4656
4656
4656
5415
5415
3648
3128
5091
5091
5091
5091
3288
3970
3970
3970
4810
5042
5042
5487
5487
3189
3189
5641
5641
5641
5641
5641
5010
5010
5010
4583
4583
4583
4583
4583
4583
3143
4359
4359
4359
4359
4359
4124
4124
5364
5364
4671
5251
5251
5708
4973
4973
4973
4096
3973
3973
4425
4425
4425
5023
5023
5023
5638
5779
5779
5779
4146
4146
4146
4146
5518
5518
3009
3925
3925
3925
5758
5758
5758
3609
5102
5102
2964
4225
4225
5250
5250
5250
5250
4226
4226
4050
4050
4050
4050
4843
4843
4843
4843
4843
4368
4368
4368
3298
3990
3990
3990
3990
3894
3894
5236
5236
4408
4408
4757
4247
4247
3705
3705
4855
4855
4855
4855
3496
3743
3743
3743
5753
3922
3922
5751
5751
5751
5751
4787
4787
3751
3751
3952
4327
4327
2978
4798
4798
4798
3691
3691
4640
5138
5675
5675
5675
4208
3678
5691
4944
4944
4944
4944
4944
4944
4944
4488
4163
5082
4723
4723
4723
4723
3855
4581
4581
4581
4581
4581
4581
4581
5406
5406
5406
4358
4358
4358
4358
4608
4608
4608
4608
4608
4608
3911
3739
3984
5722
5722
5722
3727
3383
5521
5259
5259
5259
5259
5259
3402
4120
4388
4388
4388
5201
5201
5201
4496
4496
4496
5504
5504
5504
5504
5504
5504
5504
4468
4468
4468
4468
5610
5610
5610
4073
4073
4073
4073
5502
5502
5502
5502
5182
5182
2976
5654
5226
5226
5156
3122
3122
4644
4644
4644
4644
4750
4750
4844
4844
5363
5363
5363
5363
5363
4402
4402
5684
5824
3601
4285
4285
4285
4285
4285
4211
4211
4211
5209
5209
5209
5209
5209
5209
5209
4657
4657
4657
4813
4813
4813
4813
4813
4813
5551
5756
5756
5756
4060
5517
5517
5225
5225
5666
5666
4031
4031
4031
4180
4180
4180
4180
5401
5401
5401
5401
5401
4774
4774
4774
5198
5198
5198
5198
4510
4510
4510
4510
3834
5805
5013
5614
5278
5278
4655
4655
5742
5742
4417
4417
4417
4417
4868
4868
4868
4868
4868
4868
4868
4193
4193
4193
4559
4559
4559
4559
4559
4559
4559
4828
4828
4122
4122
4634
4634
4634
4634
3515
3515
5630
5630
5107
5107
5107
5107
5107
5107
4725
4725
4725
4725
5476
5476
5476
5476
5272
5272
5663
5663
3628
4132
4132
4132
4132
4132
5582
4489
5545
5545
4390
4139
4139
4139
4139
3657
4455
4455
4455
3474
4119
3781
5746
5746
5746
5746
5746
3881
3881
4013
4013
3525
3862
3826
4620
4620
5618
4611
4611
4611
4611
4611
5243
4277
4277
5433
5433
5433
5429
5429
3852
3852
4651
5317
5317
5317
5317
4197
4214
4214
5407
5407
5407
5407
5672
5672
4447
4447
3392
5774
5058
5058
5004
5004
4070
4070
4070
4908
4908
5079
5079
5079
5079
5309
5309
5309
5309
5227
5227
5227
5921
5946
4906
4906
4906
4906
4906
4177
4517
4517
4517
5667
5896
3836
3945
4593
4593
4593
4593
5565
5565
5565
5565
4840
4816
4816
4816
4816
4406
4406
5783
3702
3702
3767
3880
3880
5546
5546
5546
5546
5682
5682
5680
5680
5680
4895
4176
4176
3437
3437
4878
4878
4878
4878
5690
5690
5690
5665
5665
5554
5554
5554
5554
5197
5197
4712
4712
4712
4712
4712
4797
4797
4797
5573
5573
5573
3903
3903
3903
4555
4555
4437
4957
3503
3456
3456
5564
5564
5564
5564
5321
5321
5642
5642
5642
4502
4502
4502
4502
4502
4502
5386
5496
4444
4444
4444
3985
3985
4407
4330
4330
2790
4269
4269
3495
3792
4660
4660
4660
3659
3659
5861
5861
3755
4043
4043
4043
5011
5011
5011
5011
5011
4232
3636
3636
3636
3436
4778
4778
4778
4147
4147
4879
4879
5162
5162
5162
5162
3893
3893
5700
5700
4199
4199
4353
4741
4741
4741
4741
3994
3994
3994
3475
3475
4234
5839
4790
4790
4090
5328
5328
5328
5328
4508
4508
3976
3976
3593
5219
5219
5219
3979
3979
5349
5349
5349
5349
5349
5649
5649
5649
5649
5097
5097
5097
5097
4705
4705
4705
5507
5507
5507
5507
3112
3188
4210
4210
3343
4209
4209
4209
4209
4749
4749
4749
4387
3968
4261
4261
4261
3802
3802
4374
4374
4374
4424
4424
4424
4424
4424
5075
5075
5075
5816
5816
5816
3969
3969
3969
3969
4174
4174
4739
4739
4355
4355
5617
5617
5617
5617
4676
4694
4694
4694
4339
5882
4876
4876
4876
4876
4876
4929
4929
4929
4929
4015
4015
4015
3735
3735
2838
4637
4637
4637
4367
4367
4367
3054
4904
4904
4904
4418
4167
4167
4167
4167
4167
4315
4315
4315
4315
5288
5288
4652
4652
4652
4939
4939
4939
4939
4621
4621
4621
4621
4621
4621
4621
4621
3688
5051
5051
5051
5051
5493
5493
5493
5493
3748
5173
5173
5195
5195
5195
3954
5693
5693
5693
5693
5693
5693
5693
5693
5247
5247
5247
5247
4996
4996
4996
5587
5587
4562
4562
4562
4562
5137
4963
4963
4963
3696
3696
5125
5125
4784
4784
4784
3567
4586
4087
4087
4087
4900
4900
5516
4690
4690
4250
4250
3745
4547
4547
4547
4547
4511
4511
4314
5434
5434
4461
3892
3892
3892
5473
5473
5473
5473
4870
4870
4870
4870
4870
4870
4529
4529
4529
3850
3850
5723
5723
5723
5723
5723
5723
5970
4255
4255
4255
4083
4083
4083
4083
5375
5375
5375
5375
5634
5634
5634
4088
4821
3611
4569
4569
4569
5036
5036
5036
3918
3195
5724
5457
5457
5457
4719
5169
3789
3789
4955
4955
4955
4955
5246
5246
3931
3931
3931
4585
4162
4162
4162
4360
4360
4460
5495
5077
5077
5077
4037
4037
3185
4138
4466
3259
5115
4897
4897
5636
5636
5636
4571
4571
4571
5612
4554
4554
4554
4554
4554
4554
4554
3683
3683
4958
4958
4958
4958
4058
4058
2816
5352
5352
5352
4992
4992
4992
4992
4992
4992
4992
5163
5721
5721
5721
4986
4986
4986
4986
4809
4809
4809
4809
4809
4809
5780
5780
4504
3877
3877
5130
4316
3498
5358
5358
5358
5358
4673
4673
4673
5396
5396
5396
5396
5524
5524
5524
4691
4691
3417
4776
4776
4219
4219
4219
5734
5271
5329
5329
3961
3961
3961
5294
3947
3947
3687
3687
4566
4566
5467
5467
4602
3644
3972
3972
5468
5468
5332
5356
5356
5356
5069
5069
4312
4312
4312
4312
4822
4822
4822
4392
5600
5600
5600
5154
5154
5154
5154
4326
4326
4376
4376
4376
3706
5478
5478
5478
4040
4040
4040
4040
4482
4482
4881
5298
5298
5298
5298
5298
4857
4857
4857
5282
5282
3591
3591
4165
5499
5499
2985
4477
4477
4477
5786
5786
3572
5022
5022
5022
4773
4773
4773
4773
4773
4974
4974
4974
4967
4967
4967
5604
5604
4272
4272
4272
4272
4272
3140
5461
5461
4838
4838
4838
4838
4838
3607
3607
4606
4606
5629
5629
3738
3738
3274
3352
3352
5393
5393
3654
3654
5029
4188
4188
4188
4002
4852
3682
4212
4284
4284
5119
4921
4921
4398
4398
5391
5391
5391
5391
4998
4998
4998
4998
4178
5492
5492
5492
4952
4952
4952
5188
5188
5188
5188
4568
4568
3651
3651
5775
3419
5124
5124
5124
4830
4830
4830
4830
4935
4935
5444
5444
4467
4467
4467
4467
4467
4612
4612
4612
4612
4612
3204
5520
5520
5520
5286
5286
5286
4862
4862
4862
4862
5503
5503
5448
5448
5448
5448
5053
5053
4815
4815
3183
3183
5676
5676
5012
5012
5012
5639
3856
3856
5025
5025
4499
4499
5794
5794
3929
3929
4669
4669
4669
4669
5067
5067
5067
5067
5067
5067
4622
4622
4622
4622
4622
4628
4902
4902
4379
4379
3658
4016
4016
3480
4558
3998
3998
3998
3998
5276
5276
5276
5276
5276
4025
3825
5430
5430
5430
5430
5430
5430
5041
4541
4541
3581
4961
4961
4961
4961
4961
5840
3379
3684
3851
3851
4305
4305
5176
5176
5176
4521
3565
3565
3565
3664
4239
4239
4239
3017
4799
4799
4093
4093
4093
4093
4200
4200
4200
4200
5829
5829
4744
4744
4744
5425
5425
5425
5425
5425
5425
5425
5425
3187
3085
3427
3427
5588
5588
5588
3584
3938
3901
3901
5808
5808
4516
4516
4056
4056
4056
4227
4227
4227
5527
5527
3868
5118
5118
5118
5118
5118
5118
4808
4808
5220
5220
5220
5220
5220
3713
3713
3713
3939
4061
4711
4711
4711
4890
5105
3289
4677
4677
4677
4677
4677
5452
5452
5452
5452
5505
5505
5505
5505
4280
4280
4280
4607
4607
4607
4607
5811
5811
5613
5489
5489
5489
5489
5489
4917
4917
4917
5763
5174
5174
5231
4136
4533
4533
4533
4533
3944
4577
4577
4577
4577
4063
4063
4543
4543
4543
5860
3795
3795
5486
5161
5161
5161
5161
5003
5003
5003
5003
5003
5232
5232
5232
5232
5232
5232
5026
5026
5536
5536
3166
4218
4218
4218
3741
3741
4785
4785
3924
3924
4842
4842
4842
3806
3806
3806
3936
5335
5335
5335
5335
5442
4976
4976
3197
4258
3366
3366
4942
4942
4942
4942
5460
5460
3717
3717
4960
4960
4960
5315
5315
5168
5168
5168
5168
5168
5168
5142
5142
5142
3927
5144
4983
4983
4983
4983
4983
3853
4605
4605
5548
5548
5548
5548
5484
5484
3610
3610
3763
3763
3763
3320
4692
4692
4692
4692
4814
4814
4252
4252
4252
5080
5080
5080
5235
5235
5235
5235
3889
3889
5263
5263
3541
5584
5563
5563
4283
4283
4283
4216
4216
4216
5513
5513
5068
5854
3698
3698
3698
3698
3698
4000
4000
4000
4000
3438
4038
4038
4213
4213
4213
4213
4213
5214
5214
5214
5214
5214
4943
4281
4281
5568
5568
5568
5737
5737
5737
5737
5737
4763
4288
4288
4288
4451
4451
5146
5146
5146
5146
5795
5151
4688
4688
5334
5334
5334
5334
4865
4865
4865
4865
5571
5571
5571
5592
5592
5592
5592
3316
5576
5576
4687
3887
3887
3887
5153
5153
5153
5153
5172
5172
5172
3447
3832
3832
5706
5706
4382
4999
4999
5301
2828
5881
4882
4882
4882
4882
4882
5291
5291
5291
5626
5626
5626
5626
5626
4202
4202
4202
4756
4756
5669
5669
5862
4442
4603
4603
4603
4603
5390
5390
5390
5390
5390
5637
5637
5637
3804
5289
5112
5112
5112
5112
5112
5170
5170
5170
5170
5170
5170
4155
4155
4155
4984
4984
5059
5059
5059
5059
5059
3919
3919
2552
4575
5233
5233
5233
5233
5233
5233
4707
4707
4707
3539
5540
5540
4734
4734
4734
4734
5149
5149
5149
5149
5149
5149
5149
5149
5558
5558
5558
5601
5601
4925
4925
5608
5608
5608
5608
5608
5608
4982
4982
4982
4982
5216
5216
3812
3812
3854
3992
3992
3992
3992
3992
3992
3873
3873
3873
3980
3980
3980
3980
3980
5133
5133
5133
5133
5133
4643
4643
4643
4643
4217
4217
5531
5206
5206
4599
4599
4599
4599
4072
5907
3569
4393
3697
5670
5123
5123
5806
3559
3967
3967
4079
4079
4079
5285
5285
5285
5285
4503
5265
5265
4221
4221
4373
4373
3253
4662
4662
4662
4662
5718
5222
5222
4430
4430
3957
3957
5121
4563
4563
4563
4386
4386
4386
4386
4262
5867
3933
5064
5064
5064
5064
5537
3620
4311
4311
3198
3882
3882
3882
4949
3623
3623
3623
5543
5543
5543
4077
3821
4891
4891
4891
4891
4891
4891
4682
4682
4682
4682
4682
4682
4682
4552
4552
4552
4552
4552
5455
5455
4029
4029
4029
4029
4703
4703
4716
4716
4716
5229
5229
5229
5229
5229
4480
4480
4480
2929
4624
4624
4624
4624
4624
4624
3858
3858
3858
4672
4672
4672
5799
4522
4522
4522
4522
4522
4522
5577
5577
4759
4759
4759
4675
4125
4125
5260
4045
4045
4732
4732
4732
4443
4443
4443
5092
5371
5371
5371
5343
5343
5463
5463
4333
2799
5089
5089
5089
5089
4039
4039
4039
4474
4474
4474
4474
4474
4474
4474
5510
5510
2907
5961
4589
4158
4158
5456
5456
5456
5456
5456
5456
5456
5701
5701
5426
5426
5426
5426
3865
3865
5357
5357
5357
4032
4032
3774
4542
4542
4542
4542
4542
4686
4686
4222
4975
4975
4975
4975
4205
3621
3621
3621
4446
4446
5465
4698
4698
4698
4698
5139
5139
4161
5034
5034
5034
5034
5034
5431
3532
4298
5128
5128
5128
5128
4850
4850
4850
4850
4592
4767
4767
4336
4336
5872
3470
4849
4849
4849
3909
4492
4492
4492
4456
4456
4456
4456
4456
5653
5653
5653
5103
5103
5103
3477
4515
3029
2983
5978
4764
4764
4764
4764
4764
4764
5445
5445
5445
5445
5445
4472
4472
4472
4653
4653
4653
4653
4753
4753
5470
5470
5470
5470
5470
5470
5603
5603
5603
5603
5603
4236
4236
4236
4236
3209
3209
4498
4498
4101
4101
4728
4728
5482
5482
5482
4421
4421
5020
5020
4436
4003
4003
4003
4834
4834
4834
4497
4918
4918
4918
4175
4175
5825
5825
4989
4989
4011
4011
5832
4078
4078
4078
4078
5100
5100
5100
5070
5070
5070
5070
5738
3765
5755
5274
5274
5274
5640
5640
4819
4819
4845
4845
4251
4251
4251
3923
3505
3883
3883
3127
4183
5008
5085
2893
5369
5369
4610
4610
4610
4724
4884
4884
4884
5218
5218
5218
5218
5218
5090
5090
5090
5295
5295
5295
5295
5295
5295
5400
5400
5228
5228
5228
5594
5594
3848
3848
3848
3848
3770
3770
3770
3770
5183
4479
3846
